Fe (at%),Ni  (at%),Co (at%),Coercivity (A/m),,,,,,,,,,,,,,,,,,,,,,
33.15,39.95,26.91,79.58,,,,,,,,,,,,,,,,,,,,,,
31.72,41.65,26.62,79.58,,,,,,,,,,,,,,,,,,,,,,
26.69,50.66,22.65,79.58,,,,,,,,,,,,,,,,,,,,,,
59.36,31.98,8.67,79.58,,,,,,,,,,,,,,,,,,,,,,
58.74,32.05,9.21,79.58,,,,,,,,,,,,,,,,,,,,,,
58.13,32.12,9.75,79.58,,,,,,,,,,,,,,,,,,,,,,
57.51,32.19,10.3,79.58,,,,,,,,,,,,,,,,,,,,,,
56.93,32.19,10.88,79.58,,,,,,,,,,,,,,,,,,,,,,
56.32,32.26,11.42,79.58,,,,,,,,,,,,,,,,,,,,,,
55.73,32.27,12,79.58,,,,,,,,,,,,,,,,,,,,,,
55.12,32.34,12.54,79.58,,,,,,,,,,,,,,,,,,,,,,
54.5,32.41,13.09,79.58,,,,,,,,,,,,,,,,,,,,,,
53.92,32.41,13.66,79.58,,,,,,,,,,,,,,,,,,,,,,
53.31,32.49,14.21,79.58,,,,,,,,,,,,,,,,,,,,,,
52.69,32.56,14.75,79.58,,,,,,,,,,,,,,,,,,,,,,
52.11,32.56,15.33,79.58,,,,,,,,,,,,,,,,,,,,,,
51.49,32.63,15.87,79.58,,,,,,,,,,,,,,,,,,,,,,
50.91,32.64,16.45,79.58,,,,,,,,,,,,,,,,,,,,,,
50.33,32.64,17.03,79.58,,,,,,,,,,,,,,,,,,,,,,
49.75,32.64,17.61,79.58,,,,,,,,,,,,,,,,,,,,,,
49.17,32.64,18.19,79.58,,,,,,,,,,,,,,,,,,,,,,
48.55,32.72,18.73,79.58,,,,,,,,,,,,,,,,,,,,,,
47.97,32.72,19.31,79.58,,,,,,,,,,,,,,,,,,,,,,
47.39,32.72,19.89,79.58,,,,,,,,,,,,,,,,,,,,,,
46.81,32.73,20.47,79.58,,,,,,,,,,,,,,,,,,,,,,
46.26,32.66,21.08,79.58,,,,,,,,,,,,,,,,,,,,,,
45.68,32.66,21.66,79.58,,,,,,,,,,,,,,,,,,,,,,
45.1,32.67,22.24,79.58,,,,,,,,,,,,,,,,,,,,,,
44.48,32.74,22.78,79.58,,,,,,,,,,,,,,,,,,,,,,
43.87,32.81,23.32,79.58,,,,,,,,,,,,,,,,,,,,,,
43.22,32.95,23.83,79.58,,,,,,,,,,,,,,,,,,,,,,
42.57,33.09,24.34,79.58,,,,,,,,,,,,,,,,,,,,,,
41.92,33.23,24.85,79.58,,,,,,,,,,,,,,,,,,,,,,
41.2,33.51,25.29,79.58,,,,,,,,,,,,,,,,,,,,,,
42.23,33.3,24.47,79.58,,,,,,,,,,,,,,,,,,,,,,
41.58,33.44,24.98,79.58,,,,,,,,,,,,,,,,,,,,,,
40.9,33.64,25.46,79.58,,,,,,,,,,,,,,,,,,,,,,
40.19,33.92,25.9,79.58,,,,,,,,,,,,,,,,,,,,,,
39.37,34.4,26.23,79.58,,,,,,,,,,,,,,,,,,,,,,
38.55,34.88,26.57,79.58,,,,,,,,,,,,,,,,,,,,,,
37.66,35.5,26.84,79.58,,,,,,,,,,,,,,,,,,,,,,
36.85,35.98,27.17,79.58,,,,,,,,,,,,,,,,,,,,,,
36.94,36.25,26.8,79.58,,,,,,,,,,,,,,,,,,,,,,
36.13,36.73,27.14,79.58,,,,,,,,,,,,,,,,,,,,,,
35.04,37.76,27.2,79.58,,,,,,,,,,,,,,,,,,,,,,
34.09,38.51,27.4,79.58,,,,,,,,,,,,,,,,,,,,,,
34.35,38.44,27.2,79.58,,,,,,,,,,,,,,,,,,,,,,
33,40.01,26.99,79.58,,,,,,,,,,,,,,,,,,,,,,
31.77,41.31,26.91,79.58,,,,,,,,,,,,,,,,,,,,,,
31.04,42.68,26.28,79.58,,,,,,,,,,,,,,,,,,,,,,
30.08,44.05,25.88,79.58,,,,,,,,,,,,,,,,,,,,,,
29.08,45.82,25.1,79.58,,,,,,,,,,,,,,,,,,,,,,
27.9,47.87,24.23,79.58,,,,,,,,,,,,,,,,,,,,,,
27.12,49.44,23.44,79.58,,,,,,,,,,,,,,,,,,,,,,
26.2,51.89,21.91,79.58,,,,,,,,,,,,,,,,,,,,,,
25.88,52.78,21.34,79.58,,,,,,,,,,,,,,,,,,,,,,
26.18,52.16,21.66,79.58,,,,,,,,,,,,,,,,,,,,,,
26.62,51.28,22.1,79.58,,,,,,,,,,,,,,,,,,,,,,
23.68,56.06,20.27,79.58,,,,,,,,,,,,,,,,,,,,,,
25.05,54.21,20.74,79.58,,,,,,,,,,,,,,,,,,,,,,
23.06,57.9,19.05,79.58,,,,,,,,,,,,,,,,,,,,,,
18.17,65.68,16.15,79.58,,,,,,,,,,,,,,,,,,,,,,
16.4,68.07,15.52,79.58,,,,,,,,,,,,,,,,,,,,,,
14.88,69.99,15.14,79.58,,,,,,,,,,,,,,,,,,,,,,
20.38,62.61,17.01,79.58,,,,,,,,,,,,,,,,,,,,,,
18.69,64.86,16.45,79.58,,,,,,,,,,,,,,,,,,,,,,
16.96,67.18,15.86,79.58,,,,,,,,,,,,,,,,,,,,,,
14.75,70.12,15.12,79.58,,,,,,,,,,,,,,,,,,,,,,
13.5,71.49,15.01,79.58,,,,,,,,,,,,,,,,,,,,,,
12.14,73.06,14.8,79.58,,,,,,,,,,,,,,,,,,,,,,
10.92,74.36,14.72,79.58,,,,,,,,,,,,,,,,,,,,,,
9.8,75.46,14.75,79.58,,,,,,,,,,,,,,,,,,,,,,
8.64,76.62,14.74,79.58,,,,,,,,,,,,,,,,,,,,,,
7.55,77.65,14.8,79.58,,,,,,,,,,,,,,,,,,,,,,
7.25,78.26,14.49,79.58,,,,,,,,,,,,,,,,,,,,,,
6.26,79.08,14.65,79.58,,,,,,,,,,,,,,,,,,,,,,
4.97,80.52,14.51,79.58,,,,,,,,,,,,,,,,,,,,,,
3.82,81.68,14.5,79.58,,,,,,,,,,,,,,,,,,,,,,
3.23,82.64,14.13,79.58,,,,,,,,,,,,,,,,,,,,,,
1.77,84.42,13.81,79.58,,,,,,,,,,,,,,,,,,,,,,
60.55,31.56,7.89,79.58,,,,,,,,,,,,,,,,,,,,,,
59.9,31.7,8.4,79.58,,,,,,,,,,,,,,,,,,,,,,
0.63,85.99,13.38,79.58,,,,,,,,,,,,,,,,,,,,,,
1.25,85.14,13.61,79.58,,,,,,,,,,,,,,,,,,,,,,
2.53,83.47,14.01,79.58,,,,,,,,,,,,,,,,,,,,,,
4.43,81.08,14.48,79.58,,,,,,,,,,,,,,,,,,,,,,
5.71,79.69,14.6,79.58,,,,,,,,,,,,,,,,,,,,,,
8.12,77.16,14.72,79.58,,,,,,,,,,,,,,,,,,,,,,
9.26,76.05,14.69,79.58,,,,,,,,,,,,,,,,,,,,,,
10.4,74.89,14.71,79.58,,,,,,,,,,,,,,,,,,,,,,
11.63,73.68,14.69,79.58,,,,,,,,,,,,,,,,,,,,,,
12.88,72.27,14.85,79.58,,,,,,,,,,,,,,,,,,,,,,
14.16,70.79,15.05,79.58,,,,,,,,,,,,,,,,,,,,,,
15.5,69.23,15.27,79.58,,,,,,,,,,,,,,,,,,,,,,
15.97,68.63,15.39,79.58,,,,,,,,,,,,,,,,,,,,,,
17.64,66.41,15.95,79.58,,,,,,,,,,,,,,,,,,,,,,
19.27,64.16,16.57,79.58,,,,,,,,,,,,,,,,,,,,,,
19.75,63.37,16.87,79.58,,,,,,,,,,,,,,,,,,,,,,
20.87,61.71,17.42,79.58,,,,,,,,,,,,,,,,,,,,,,
21.37,60.78,17.85,79.58,,,,,,,,,,,,,,,,,,,,,,
21.91,59.76,18.33,79.58,,,,,,,,,,,,,,,,,,,,,,
22.3,59.09,18.61,79.58,,,,,,,,,,,,,,,,,,,,,,
23.45,57.01,19.54,79.58,,,,,,,,,,,,,,,,,,,,,,
24.45,55.14,20.41,79.58,,,,,,,,,,,,,,,,,,,,,,
25.26,53.42,21.32,79.58,,,,,,,,,,,,,,,,,,,,,,
28.63,46.76,24.61,79.58,,,,,,,,,,,,,,,,,,,,,,
27.56,48.66,23.79,79.58,,,,,,,,,,,,,,,,,,,,,,
29.62,44.89,25.5,79.58,,,,,,,,,,,,,,,,,,,,,,
30.58,43.34,26.08,79.58,,,,,,,,,,,,,,,,,,,,,,
32.43,40.74,26.83,79.58,,,,,,,,,,,,,,,,,,,,,,
33.69,39.19,27.12,79.58,,,,,,,,,,,,,,,,,,,,,,
35.62,37.2,27.18,79.58,,,,,,,,,,,,,,,,,,,,,,
70.02,29.95,0.03,79.58,,,,,,,,,,,,,,,,,,,,,,
69.56,29.88,0.56,79.58,,,,,,,,,,,,,,,,,,,,,,
68.81,29.93,1.26,79.58,,,,,,,,,,,,,,,,,,,,,,
68.21,29.98,1.81,79.58,,,,,,,,,,,,,,,,,,,,,,
67.6,30.03,2.37,79.58,,,,,,,,,,,,,,,,,,,,,,
66.9,30.17,2.93,79.58,,,,,,,,,,,,,,,,,,,,,,
66.16,30.36,3.48,79.58,,,,,,,,,,,,,,,,,,,,,,
65.2,30.55,4.25,79.58,,,,,,,,,,,,,,,,,,,,,,
64.28,30.81,4.91,79.58,,,,,,,,,,,,,,,,,,,,,,
63.3,31,5.7,79.58,,,,,,,,,,,,,,,,,,,,,,
62.47,31.26,6.27,79.58,,,,,,,,,,,,,,,,,,,,,,
61.6,31.38,7.02,79.58,,,,,,,,,,,,,,,,,,,,,,
61.03,31.43,7.55,79.58,,,,,,,,,,,,,,,,,,,,,,
97.05,2.9,0.05,79.58,,,,,,,,,,,,,,,,,,,,,,
97.01,2.46,0.52,79.58,,,,,,,,,,,,,,,,,,,,,,
97.14,1.82,1.05,79.58,,,,,,,,,,,,,,,,,,,,,,
97.3,1.21,1.49,79.58,,,,,,,,,,,,,,,,,,,,,,
97.61,0.61,1.77,79.58,,,,,,,,,,,,,,,,,,,,,,
95.61,4.34,0.05,159.16,,,,,,,,,,,,,,,,,,,,,,
95.56,4.02,0.43,159.16,,,,,,,,,,,,,,,,,,,,,,
95.37,3.6,1.03,159.16,,,,,,,,,,,,,,,,,,,,,,
95.26,2.96,1.79,159.16,,,,,,,,,,,,,,,,,,,,,,
95.22,2.31,2.47,159.16,,,,,,,,,,,,,,,,,,,,,,
95.32,1.71,2.97,159.16,,,,,,,,,,,,,,,,,,,,,,
95.34,1.06,3.59,159.16,,,,,,,,,,,,,,,,,,,,,,
95.46,0.46,4.07,159.16,,,,,,,,,,,,,,,,,,,,,,
95.61,0.09,4.3,159.16,,,,,,,,,,,,,,,,,,,,,,
63.13,0.07,36.8,159.16,,,,,,,,,,,,,,,,,,,,,,
62.7,0.34,36.95,159.16,,,,,,,,,,,,,,,,,,,,,,
62.01,0.67,37.32,159.16,,,,,,,,,,,,,,,,,,,,,,
61.07,1.02,37.91,159.16,,,,,,,,,,,,,,,,,,,,,,
60.26,1.26,38.48,159.16,,,,,,,,,,,,,,,,,,,,,,
59.61,1.35,39.04,159.16,,,,,,,,,,,,,,,,,,,,,,
58.97,1.45,39.58,159.16,,,,,,,,,,,,,,,,,,,,,,
58.32,1.41,40.27,159.16,,,,,,,,,,,,,,,,,,,,,,
57.61,1.3,41.09,159.16,,,,,,,,,,,,,,,,,,,,,,
56.75,1.12,42.13,159.16,,,,,,,,,,,,,,,,,,,,,,
56.2,0.89,42.91,159.16,,,,,,,,,,,,,,,,,,,,,,
57.18,1.21,41.61,159.16,,,,,,,,,,,,,,,,,,,,,,
55.54,0.66,43.8,159.16,,,,,,,,,,,,,,,,,,,,,,
55.17,0.39,44.45,159.16,,,,,,,,,,,,,,,,,,,,,,
55.02,0.04,44.93,159.16,,,,,,,,,,,,,,,,,,,,,,
67.85,29,3.15,159.16,,,,,,,,,,,,,,,,,,,,,,
67.26,29.01,3.73,159.16,,,,,,,,,,,,,,,,,,,,,,
66.65,29.08,4.27,159.16,,,,,,,,,,,,,,,,,,,,,,
66.03,29.15,4.82,159.16,,,,,,,,,,,,,,,,,,,,,,
65.49,29.08,5.43,159.16,,,,,,,,,,,,,,,,,,,,,,
64.87,29.16,5.97,159.16,,,,,,,,,,,,,,,,,,,,,,
64.29,29.16,6.55,159.16,,,,,,,,,,,,,,,,,,,,,,
63.64,29.3,7.06,159.16,,,,,,,,,,,,,,,,,,,,,,
63.02,29.37,7.61,159.16,,,,,,,,,,,,,,,,,,,,,,
62.44,29.37,8.18,159.16,,,,,,,,,,,,,,,,,,,,,,
61.86,29.38,8.76,159.16,,,,,,,,,,,,,,,,,,,,,,
61.28,29.38,9.34,159.16,,,,,,,,,,,,,,,,,,,,,,
60.66,29.45,9.88,159.16,,,,,,,,,,,,,,,,,,,,,,
60.08,29.45,10.46,159.16,,,,,,,,,,,,,,,,,,,,,,
59.5,29.46,11.04,159.16,,,,,,,,,,,,,,,,,,,,,,
58.89,29.53,11.59,159.16,,,,,,,,,,,,,,,,,,,,,,
58.3,29.53,12.16,159.16,,,,,,,,,,,,,,,,,,,,,,
57.72,29.54,12.74,159.16,,,,,,,,,,,,,,,,,,,,,,
57.14,29.54,13.32,159.16,,,,,,,,,,,,,,,,,,,,,,
56.56,29.54,13.9,159.16,,,,,,,,,,,,,,,,,,,,,,
55.98,29.55,14.48,159.16,,,,,,,,,,,,,,,,,,,,,,
55.4,29.55,15.06,159.16,,,,,,,,,,,,,,,,,,,,,,
54.81,29.55,15.63,159.16,,,,,,,,,,,,,,,,,,,,,,
54.23,29.55,16.21,159.16,,,,,,,,,,,,,,,,,,,,,,
53.65,29.56,16.79,159.16,,,,,,,,,,,,,,,,,,,,,,
53.07,29.56,17.37,159.16,,,,,,,,,,,,,,,,,,,,,,
52.49,29.56,17.95,159.16,,,,,,,,,,,,,,,,,,,,,,
51.91,29.57,18.53,159.16,,,,,,,,,,,,,,,,,,,,,,
51.32,29.57,19.1,159.16,,,,,,,,,,,,,,,,,,,,,,
50.74,29.57,19.68,159.16,,,,,,,,,,,,,,,,,,,,,,
50.16,29.58,20.26,159.16,,,,,,,,,,,,,,,,,,,,,,
49.58,29.58,20.84,159.16,,,,,,,,,,,,,,,,,,,,,,
49,29.58,21.42,159.16,,,,,,,,,,,,,,,,,,,,,,
48.42,29.59,22,159.16,,,,,,,,,,,,,,,,,,,,,,
47.88,29.73,22.39,159.16,,,,,,,,,,,,,,,,,,,,,,
47.34,29.66,23,159.16,,,,,,,,,,,,,,,,,,,,,,
46.75,29.66,23.58,159.16,,,,,,,,,,,,,,,,,,,,,,
46.21,29.6,24.19,159.16,,,,,,,,,,,,,,,,,,,,,,
45.62,29.6,24.77,159.16,,,,,,,,,,,,,,,,,,,,,,
45.08,29.54,25.39,159.16,,,,,,,,,,,,,,,,,,,,,,
44.5,29.54,25.96,159.16,,,,,,,,,,,,,,,,,,,,,,
43.98,29.41,26.61,159.16,,,,,,,,,,,,,,,,,,,,,,
43.43,29.34,27.22,159.16,,,,,,,,,,,,,,,,,,,,,,
42.92,29.21,27.87,159.16,,,,,,,,,,,,,,,,,,,,,,
42.37,29.14,28.48,159.16,,,,,,,,,,,,,,,,,,,,,,
41.82,29.08,29.1,159.16,,,,,,,,,,,,,,,,,,,,,,
41.31,28.95,29.75,159.16,,,,,,,,,,,,,,,,,,,,,,
40.79,28.81,30.39,159.16,,,,,,,,,,,,,,,,,,,,,,
40.31,28.61,31.07,159.16,,,,,,,,,,,,,,,,,,,,,,
39.83,28.41,31.76,159.16,,,,,,,,,,,,,,,,,,,,,,
39.89,28.41,31.7,159.16,,,,,,,,,,,,,,,,,,,,,,
39.38,28.28,32.35,159.16,,,,,,,,,,,,,,,,,,,,,,
38.86,28.14,32.99,159.16,,,,,,,,,,,,,,,,,,,,,,
38.35,28.01,33.64,159.16,,,,,,,,,,,,,,,,,,,,,,
37.8,27.94,34.25,159.16,,,,,,,,,,,,,,,,,,,,,,
37.22,27.95,34.83,159.16,,,,,,,,,,,,,,,,,,,,,,
36.67,27.88,35.45,159.16,,,,,,,,,,,,,,,,,,,,,,
36.09,27.89,36.02,159.16,,,,,,,,,,,,,,,,,,,,,,
35.48,27.96,36.57,159.16,,,,,,,,,,,,,,,,,,,,,,
34.86,28.03,37.11,159.16,,,,,,,,,,,,,,,,,,,,,,
34.21,28.17,37.62,159.16,,,,,,,,,,,,,,,,,,,,,,
33.56,28.31,38.13,159.16,,,,,,,,,,,,,,,,,,,,,,
32.88,28.52,38.6,159.16,,,,,,,,,,,,,,,,,,,,,,
32.16,28.79,39.05,159.16,,,,,,,,,,,,,,,,,,,,,,
31.45,29.07,39.49,159.16,,,,,,,,,,,,,,,,,,,,,,
31.74,29.07,39.2,159.16,,,,,,,,,,,,,,,,,,,,,,
31.02,29.34,39.64,159.16,,,,,,,,,,,,,,,,,,,,,,
30.2,29.82,39.97,159.16,,,,,,,,,,,,,,,,,,,,,,
29.32,30.44,40.24,159.16,,,,,,,,,,,,,,,,,,,,,,
28.37,31.19,40.44,159.16,,,,,,,,,,,,,,,,,,,,,,
31.01,29.48,39.51,159.16,,,,,,,,,,,,,,,,,,,,,,
30.29,29.76,39.95,159.16,,,,,,,,,,,,,,,,,,,,,,
29.41,30.37,40.22,159.16,,,,,,,,,,,,,,,,,,,,,,
28.49,31.06,40.45,159.16,,,,,,,,,,,,,,,,,,,,,,
27.44,32.02,40.55,159.16,,,,,,,,,,,,,,,,,,,,,,
26.28,33.18,40.54,159.16,,,,,,,,,,,,,,,,,,,,,,
24.82,34.96,40.22,159.16,,,,,,,,,,,,,,,,,,,,,,
23.2,37.08,39.73,159.16,,,,,,,,,,,,,,,,,,,,,,
27.33,32.36,40.32,159.16,,,,,,,,,,,,,,,,,,,,,,
26.41,33.04,40.55,159.16,,,,,,,,,,,,,,,,,,,,,,
24.98,34.75,40.26,159.16,,,,,,,,,,,,,,,,,,,,,,
23.09,37.42,39.5,159.16,,,,,,,,,,,,,,,,,,,,,,
24.81,35.09,40.09,159.16,,,,,,,,,,,,,,,,,,,,,,
23.09,37.42,39.5,159.16,,,,,,,,,,,,,,,,,,,,,,
24.98,34.75,40.26,159.16,,,,,,,,,,,,,,,,,,,,,,
23.09,37.42,39.5,159.16,,,,,,,,,,,,,,,,,,,,,,
16.48,50.31,33.21,159.16,,,,,,,,,,,,,,,,,,,,,,
13.76,55.23,31.01,159.16,,,,,,,,,,,,,,,,,,,,,,
11.8,58.03,30.17,159.16,,,,,,,,,,,,,,,,,,,,,,
10.34,59.8,29.86,159.16,,,,,,,,,,,,,,,,,,,,,,
10.17,60.15,29.68,159.16,,,,,,,,,,,,,,,,,,,,,,
9.02,61.31,29.67,159.16,,,,,,,,,,,,,,,,,,,,,,
7.9,62.4,29.7,159.16,,,,,,,,,,,,,,,,,,,,,,
6.91,63.23,29.86,159.16,,,,,,,,,,,,,,,,,,,,,,
5.92,64.05,30.03,159.16,,,,,,,,,,,,,,,,,,,,,,
6.11,63.91,29.98,159.16,,,,,,,,,,,,,,,,,,,,,,
5.19,64.6,30.22,159.16,,,,,,,,,,,,,,,,,,,,,,
4.3,65.21,30.48,159.16,,,,,,,,,,,,,,,,,,,,,,
3.45,65.76,30.79,159.16,,,,,,,,,,,,,,,,,,,,,,
2.57,66.38,31.05,159.16,,,,,,,,,,,,,,,,,,,,,,
1.85,66.66,31.49,159.16,,,,,,,,,,,,,,,,,,,,,,
2.92,66.38,30.71,159.16,,,,,,,,,,,,,,,,,,,,,,
2.2,66.65,31.15,159.16,,,,,,,,,,,,,,,,,,,,,,
1.28,67.34,31.38,159.16,,,,,,,,,,,,,,,,,,,,,,
0.4,67.96,31.65,159.16,,,,,,,,,,,,,,,,,,,,,,
0.03,68.14,31.83,159.16,,,,,,,,,,,,,,,,,,,,,,
8.51,61.78,29.72,159.16,,,,,,,,,,,,,,,,,,,,,,
9.52,60.75,29.72,159.16,,,,,,,,,,,,,,,,,,,,,,
10.97,59.11,29.93,159.16,,,,,,,,,,,,,,,,,,,,,,
11.39,58.6,30.01,159.16,,,,,,,,,,,,,,,,,,,,,,
12.32,57.39,30.28,159.16,,,,,,,,,,,,,,,,,,,,,,
12.87,56.61,30.52,159.16,,,,,,,,,,,,,,,,,,,,,,
13.3,55.89,30.81,159.16,,,,,,,,,,,,,,,,,,,,,,
14.15,54.5,31.35,159.16,,,,,,,,,,,,,,,,,,,,,,
14.54,53.78,31.68,159.16,,,,,,,,,,,,,,,,,,,,,,
15.05,52.83,32.12,159.16,,,,,,,,,,,,,,,,,,,,,,
15.44,52.12,32.44,159.16,,,,,,,,,,,,,,,,,,,,,,
15.79,51.49,32.72,159.16,,,,,,,,,,,,,,,,,,,,,,
16.09,50.96,32.95,159.16,,,,,,,,,,,,,,,,,,,,,,
16.8,49.53,33.67,159.16,,,,,,,,,,,,,,,,,,,,,,
17.17,48.79,34.05,159.16,,,,,,,,,,,,,,,,,,,,,,
17.67,47.77,34.56,159.16,,,,,,,,,,,,,,,,,,,,,,
18.12,46.87,35.02,159.16,,,,,,,,,,,,,,,,,,,,,,
18.51,46.03,35.46,159.16,,,,,,,,,,,,,,,,,,,,,,
18.95,45.11,35.95,159.16,,,,,,,,,,,,,,,,,,,,,,
19.47,44.14,36.4,159.16,,,,,,,,,,,,,,,,,,,,,,
19.83,43.28,36.89,159.16,,,,,,,,,,,,,,,,,,,,,,
20.38,42.22,37.41,159.16,,,,,,,,,,,,,,,,,,,,,,
20.75,41.45,37.79,159.16,,,,,,,,,,,,,,,,,,,,,,
21.25,40.57,38.18,159.16,,,,,,,,,,,,,,,,,,,,,,
21.84,39.58,38.58,159.16,,,,,,,,,,,,,,,,,,,,,,
22.26,38.79,38.94,159.16,,,,,,,,,,,,,,,,,,,,,,
22.62,38.14,39.23,159.16,,,,,,,,,,,,,,,,,,,,,,
23.79,36.45,39.75,159.16,,,,,,,,,,,,,,,,,,,,,,
24.24,35.71,40.05,159.16,,,,,,,,,,,,,,,,,,,,,,
25.6,34,40.4,159.16,,,,,,,,,,,,,,,,,,,,,,
70.86,29.11,0.02,159.16,,,,,,,,,,,,,,,,,,,,,,
70.39,29.07,0.54,159.16,,,,,,,,,,,,,,,,,,,,,,
69.9,29.07,1.03,159.16,,,,,,,,,,,,,,,,,,,,,,
69.42,29.05,1.53,159.16,,,,,,,,,,,,,,,,,,,,,,
68.8,29.08,2.13,159.16,,,,,,,,,,,,,,,,,,,,,,
68.27,29.1,2.62,159.16,,,,,,,,,,,,,,,,,,,,,,
33.2,17.42,49.38,318.31,,,,,,,,,,,,,,,,,,,,,,
32.75,17.15,50.09,318.31,,,,,,,,,,,,,,,,,,,,,,
32.31,16.88,50.81,318.31,,,,,,,,,,,,,,,,,,,,,,
31.89,16.55,51.56,318.31,,,,,,,,,,,,,,,,,,,,,,
31.45,16.28,52.28,318.31,,,,,,,,,,,,,,,,,,,,,,
31.03,15.94,53.03,318.31,,,,,,,,,,,,,,,,,,,,,,
30.59,15.67,53.75,318.31,,,,,,,,,,,,,,,,,,,,,,
30.17,15.33,54.5,318.31,,,,,,,,,,,,,,,,,,,,,,
29.73,15.06,55.21,318.31,,,,,,,,,,,,,,,,,,,,,,
29.31,14.72,55.96,318.31,,,,,,,,,,,,,,,,,,,,,,
28.83,14.52,56.65,318.31,,,,,,,,,,,,,,,,,,,,,,
28.32,14.39,57.29,318.31,,,,,,,,,,,,,,,,,,,,,,
28.12,13.85,58.03,318.31,,,,,,,,,,,,,,,,,,,,,,
27.71,13.51,58.78,318.31,,,,,,,,,,,,,,,,,,,,,,
27.3,13.17,59.53,318.31,,,,,,,,,,,,,,,,,,,,,,
26.85,12.9,60.25,318.31,,,,,,,,,,,,,,,,,,,,,,
26.44,12.56,61,318.31,,,,,,,,,,,,,,,,,,,,,,
26.02,12.22,61.75,318.31,,,,,,,,,,,,,,,,,,,,,,
25.61,11.89,62.5,318.31,,,,,,,,,,,,,,,,,,,,,,
25.2,11.55,63.25,318.31,,,,,,,,,,,,,,,,,,,,,,
24.79,11.21,64,318.31,,,,,,,,,,,,,,,,,,,,,,
24.37,10.87,64.76,318.31,,,,,,,,,,,,,,,,,,,,,,
23.96,10.53,65.51,318.31,,,,,,,,,,,,,,,,,,,,,,
23.55,10.2,66.26,318.31,,,,,,,,,,,,,,,,,,,,,,
23.17,9.79,67.04,318.31,,,,,,,,,,,,,,,,,,,,,,
22.79,9.38,67.83,318.31,,,,,,,,,,,,,,,,,,,,,,
22.41,8.98,68.61,318.31,,,,,,,,,,,,,,,,,,,,,,
22,8.64,69.36,318.31,,,,,,,,,,,,,,,,,,,,,,
21.62,8.23,70.15,318.31,,,,,,,,,,,,,,,,,,,,,,
21.2,7.9,70.9,318.31,,,,,,,,,,,,,,,,,,,,,,
20.82,7.49,71.69,318.31,,,,,,,,,,,,,,,,,,,,,,
20.44,7.08,72.47,318.31,,,,,,,,,,,,,,,,,,,,,,
20.03,6.75,73.22,318.31,,,,,,,,,,,,,,,,,,,,,,
19.69,6.27,74.04,318.31,,,,,,,,,,,,,,,,,,,,,,
19.27,5.93,74.79,318.31,,,,,,,,,,,,,,,,,,,,,,
18.93,5.46,75.61,318.31,,,,,,,,,,,,,,,,,,,,,,
18.58,4.98,76.43,318.31,,,,,,,,,,,,,,,,,,,,,,
18.2,4.58,77.22,318.31,,,,,,,,,,,,,,,,,,,,,,
17.89,4.04,78.07,318.31,,,,,,,,,,,,,,,,,,,,,,
17.48,3.7,78.82,318.31,,,,,,,,,,,,,,,,,,,,,,
17,3.5,79.51,318.31,,,,,,,,,,,,,,,,,,,,,,
17.21,3.29,79.49,318.31,,,,,,,,,,,,,,,,,,,,,,
16.87,2.82,80.31,318.31,,,,,,,,,,,,,,,,,,,,,,
16.56,2.27,81.17,318.31,,,,,,,,,,,,,,,,,,,,,,
16.28,1.66,82.06,318.31,,,,,,,,,,,,,,,,,,,,,,
16,1.05,82.95,318.31,,,,,,,,,,,,,,,,,,,,,,
15.69,0.51,83.8,318.31,,,,,,,,,,,,,,,,,,,,,,
39.77,21.27,38.97,318.31,,,,,,,,,,,,,,,,,,,,,,
39.32,21,39.68,318.31,,,,,,,,,,,,,,,,,,,,,,
38.84,20.79,40.36,318.31,,,,,,,,,,,,,,,,,,,,,,
38.33,20.66,41.01,318.31,,,,,,,,,,,,,,,,,,,,,,
36.29,19.38,44.33,318.31,,,,,,,,,,,,,,,,,,,,,,
35.85,19.11,45.04,318.31,,,,,,,,,,,,,,,,,,,,,,
35.4,18.84,45.76,318.31,,,,,,,,,,,,,,,,,,,,,,
34.95,18.57,46.48,318.31,,,,,,,,,,,,,,,,,,,,,,
34.54,18.23,47.23,318.31,,,,,,,,,,,,,,,,,,,,,,
34.09,17.96,47.94,318.31,,,,,,,,,,,,,,,,,,,,,,
33.65,17.69,48.66,318.31,,,,,,,,,,,,,,,,,,,,,,
37.7,20.05,42.25,318.31,,,,,,,,,,,,,,,,,,,,,,
37.22,19.85,42.93,318.31,,,,,,,,,,,,,,,,,,,,,,
36.74,19.65,43.61,318.31,,,,,,,,,,,,,,,,,,,,,,
36.29,19.38,44.33,318.31,,,,,,,,,,,,,,,,,,,,,,
38.59,20.59,40.82,318.31,,,,,,,,,,,,,,,,,,,,,,
38.15,20.32,41.53,318.31,,,,,,,,,,,,,,,,,,,,,,
37.7,20.05,42.25,318.31,,,,,,,,,,,,,,,,,,,,,,
39.77,21.27,38.97,318.31,,,,,,,,,,,,,,,,,,,,,,
49.01,25.57,25.42,318.31,,,,,,,,,,,,,,,,,,,,,,
48.5,25.44,26.07,318.31,,,,,,,,,,,,,,,,,,,,,,
48.02,25.23,26.75,318.31,,,,,,,,,,,,,,,,,,,,,,
47.53,25.03,27.43,318.31,,,,,,,,,,,,,,,,,,,,,,
47.05,24.83,28.11,318.31,,,,,,,,,,,,,,,,,,,,,,
46.57,24.63,28.8,318.31,,,,,,,,,,,,,,,,,,,,,,
46.09,24.43,29.48,318.31,,,,,,,,,,,,,,,,,,,,,,
45.65,24.16,30.19,318.31,,,,,,,,,,,,,,,,,,,,,,
45.17,23.96,30.88,318.31,,,,,,,,,,,,,,,,,,,,,,
44.72,23.69,31.59,318.31,,,,,,,,,,,,,,,,,,,,,,
44.24,23.49,32.27,318.31,,,,,,,,,,,,,,,,,,,,,,
43.76,23.28,32.96,318.31,,,,,,,,,,,,,,,,,,,,,,
43.28,23.08,33.64,318.31,,,,,,,,,,,,,,,,,,,,,,
42.83,22.81,34.35,318.31,,,,,,,,,,,,,,,,,,,,,,
42.35,22.61,35.04,318.31,,,,,,,,,,,,,,,,,,,,,,
41.9,22.34,35.75,318.31,,,,,,,,,,,,,,,,,,,,,,
41.42,22.14,36.44,318.31,,,,,,,,,,,,,,,,,,,,,,
40.98,21.87,37.15,318.31,,,,,,,,,,,,,,,,,,,,,,
40.5,21.67,37.83,318.31,,,,,,,,,,,,,,,,,,,,,,
40.05,21.4,38.55,318.31,,,,,,,,,,,,,,,,,,,,,,
39.6,21.13,39.27,318.31,,,,,,,,,,,,,,,,,,,,,,
39.12,20.93,39.95,318.31,,,,,,,,,,,,,,,,,,,,,,
50.66,26.27,23.07,318.31,,,,,,,,,,,,,,,,,,,,,,
50.14,26.16,23.7,318.31,,,,,,,,,,,,,,,,,,,,,,
49.7,25.98,24.32,318.31,,,,,,,,,,,,,,,,,,,,,,
49.28,25.84,24.88,318.31,,,,,,,,,,,,,,,,,,,,,,
51.22,26.36,22.42,318.31,,,,,,,,,,,,,,,,,,,,,,
51.94,26.61,21.45,318.31,,,,,,,,,,,,,,,,,,,,,,
52.52,26.84,20.64,318.31,,,,,,,,,,,,,,,,,,,,,,
53.47,27.02,19.51,318.31,,,,,,,,,,,,,,,,,,,,,,
53.02,26.97,20.01,318.31,,,,,,,,,,,,,,,,,,,,,,
54.18,27.29,18.53,318.31,,,,,,,,,,,,,,,,,,,,,,
54.84,27.4,17.76,318.31,,,,,,,,,,,,,,,,,,,,,,
55.69,27.53,16.77,318.31,,,,,,,,,,,,,,,,,,,,,,
56.28,27.67,16.05,318.31,,,,,,,,,,,,,,,,,,,,,,
56.9,27.8,15.3,318.31,,,,,,,,,,,,,,,,,,,,,,
57.65,27.8,14.55,318.31,,,,,,,,,,,,,,,,,,,,,,
58.49,27.93,13.58,318.31,,,,,,,,,,,,,,,,,,,,,,
59.33,27.98,12.69,318.31,,,,,,,,,,,,,,,,,,,,,,
60.14,28.09,11.77,318.31,,,,,,,,,,,,,,,,,,,,,,
60.88,28.11,11.02,318.31,,,,,,,,,,,,,,,,,,,,,,
61.45,28.1,10.45,318.31,,,,,,,,,,,,,,,,,,,,,,
62,28.1,9.9,318.31,,,,,,,,,,,,,,,,,,,,,,
62.67,28.1,9.23,318.31,,,,,,,,,,,,,,,,,,,,,,
63.58,28.09,8.33,318.31,,,,,,,,,,,,,,,,,,,,,,
64.4,28.11,7.49,318.31,,,,,,,,,,,,,,,,,,,,,,
65.14,28.08,6.78,318.31,,,,,,,,,,,,,,,,,,,,,,
65.84,28.01,6.15,318.31,,,,,,,,,,,,,,,,,,,,,,
66.6,28.03,5.37,318.31,,,,,,,,,,,,,,,,,,,,,,
67.31,27.95,4.74,318.31,,,,,,,,,,,,,,,,,,,,,,
68.12,27.9,3.98,318.31,,,,,,,,,,,,,,,,,,,,,,
68.77,27.85,3.37,318.31,,,,,,,,,,,,,,,,,,,,,,
69.37,27.81,2.83,318.31,,,,,,,,,,,,,,,,,,,,,,
70.04,27.71,2.25,318.31,,,,,,,,,,,,,,,,,,,,,,
70.66,27.73,1.61,318.31,,,,,,,,,,,,,,,,,,,,,,
71.29,27.7,1.01,318.31,,,,,,,,,,,,,,,,,,,,,,
71.92,27.61,0.47,318.31,,,,,,,,,,,,,,,,,,,,,,
72.35,27.65,0,318.31,,,,,,,,,,,,,,,,,,,,,,
44.67,4.43,50.9,318.31,,,,,,,,,,,,,,,,,,,,,,
44.08,4.43,51.48,318.31,,,,,,,,,,,,,,,,,,,,,,
43.57,4.3,52.13,318.31,,,,,,,,,,,,,,,,,,,,,,
43.02,4.24,52.74,318.31,,,,,,,,,,,,,,,,,,,,,,
42.47,4.17,53.35,318.31,,,,,,,,,,,,,,,,,,,,,,
41.96,4.04,54,318.31,,,,,,,,,,,,,,,,,,,,,,
41.41,3.97,54.61,318.31,,,,,,,,,,,,,,,,,,,,,,
40.9,3.84,55.26,318.31,,,,,,,,,,,,,,,,,,,,,,
40.38,3.71,55.91,318.31,,,,,,,,,,,,,,,,,,,,,,
39.84,3.64,56.52,318.31,,,,,,,,,,,,,,,,,,,,,,
39.32,3.51,57.17,318.31,,,,,,,,,,,,,,,,,,,,,,
38.81,3.38,57.82,318.31,,,,,,,,,,,,,,,,,,,,,,
38.29,3.24,58.46,318.31,,,,,,,,,,,,,,,,,,,,,,
37.78,3.11,59.11,318.31,,,,,,,,,,,,,,,,,,,,,,
37.3,2.91,59.79,318.31,,,,,,,,,,,,,,,,,,,,,,
36.78,2.77,60.44,318.31,,,,,,,,,,,,,,,,,,,,,,
36.24,2.71,61.05,318.31,,,,,,,,,,,,,,,,,,,,,,
35.76,2.51,61.74,318.31,,,,,,,,,,,,,,,,,,,,,,
35.28,2.31,62.42,318.31,,,,,,,,,,,,,,,,,,,,,,
34.8,2.1,63.1,318.31,,,,,,,,,,,,,,,,,,,,,,
34.31,1.9,63.78,318.31,,,,,,,,,,,,,,,,,,,,,,
33.77,1.84,64.39,318.31,,,,,,,,,,,,,,,,,,,,,,
57.33,4.97,37.69,318.31,,,,,,,,,,,,,,,,,,,,,,
56.72,5.05,38.24,318.31,,,,,,,,,,,,,,,,,,,,,,
56.14,5.05,38.82,318.31,,,,,,,,,,,,,,,,,,,,,,
55.55,5.05,39.39,318.31,,,,,,,,,,,,,,,,,,,,,,
54.97,5.06,39.97,318.31,,,,,,,,,,,,,,,,,,,,,,
54.39,5.06,40.55,318.31,,,,,,,,,,,,,,,,,,,,,,
53.84,4.99,41.16,318.31,,,,,,,,,,,,,,,,,,,,,,
53.23,5.06,41.71,318.31,,,,,,,,,,,,,,,,,,,,,,
52.65,5.07,42.29,318.31,,,,,,,,,,,,,,,,,,,,,,
52.1,5,42.9,318.31,,,,,,,,,,,,,,,,,,,,,,
51.52,5.01,43.48,318.31,,,,,,,,,,,,,,,,,,,,,,
50.93,5.01,44.06,318.31,,,,,,,,,,,,,,,,,,,,,,
50.35,5.01,44.63,318.31,,,,,,,,,,,,,,,,,,,,,,
49.8,4.95,45.25,318.31,,,,,,,,,,,,,,,,,,,,,,
49.22,4.95,45.83,318.31,,,,,,,,,,,,,,,,,,,,,,
48.64,4.95,46.4,318.31,,,,,,,,,,,,,,,,,,,,,,
48.09,4.89,47.02,318.31,,,,,,,,,,,,,,,,,,,,,,
47.58,4.76,47.66,318.31,,,,,,,,,,,,,,,,,,,,,,
47,4.76,48.24,318.31,,,,,,,,,,,,,,,,,,,,,,
46.48,4.63,48.89,318.31,,,,,,,,,,,,,,,,,,,,,,
45.94,4.56,49.5,318.31,,,,,,,,,,,,,,,,,,,,,,
45.35,4.56,50.08,318.31,,,,,,,,,,,,,,,,,,,,,,
34.29,1.84,63.87,318.31,,,,,,,,,,,,,,,,,,,,,,
33.81,1.63,64.56,318.31,,,,,,,,,,,,,,,,,,,,,,
33.36,1.36,65.27,318.31,,,,,,,,,,,,,,,,,,,,,,
32.92,1.09,65.99,318.31,,,,,,,,,,,,,,,,,,,,,,
32.44,0.89,66.67,318.31,,,,,,,,,,,,,,,,,,,,,,
31.99,0.62,67.39,318.31,,,,,,,,,,,,,,,,,,,,,,
31.51,0.42,68.07,318.31,,,,,,,,,,,,,,,,,,,,,,
30.96,0.36,68.68,318.31,,,,,,,,,,,,,,,,,,,,,,
61.24,4.82,33.95,318.31,,,,,,,,,,,,,,,,,,,,,,
60.66,4.82,34.52,318.31,,,,,,,,,,,,,,,,,,,,,,
60.04,4.89,35.07,318.31,,,,,,,,,,,,,,,,,,,,,,
59.46,4.89,35.65,318.31,,,,,,,,,,,,,,,,,,,,,,
58.91,4.83,36.26,318.31,,,,,,,,,,,,,,,,,,,,,,
58.36,4.76,36.87,318.31,,,,,,,,,,,,,,,,,,,,,,
57.68,4.97,37.35,318.31,,,,,,,,,,,,,,,,,,,,,,
57.1,4.98,37.93,318.31,,,,,,,,,,,,,,,,,,,,,,
73.12,4.48,22.4,318.31,,,,,,,,,,,,,,,,,,,,,,
72.57,4.41,23.01,318.31,,,,,,,,,,,,,,,,,,,,,,
71.99,4.42,23.59,318.31,,,,,,,,,,,,,,,,,,,,,,
71.38,4.49,24.14,318.31,,,,,,,,,,,,,,,,,,,,,,
70.8,4.49,24.71,318.31,,,,,,,,,,,,,,,,,,,,,,
70.21,4.49,25.29,318.31,,,,,,,,,,,,,,,,,,,,,,
69.63,4.5,25.87,318.31,,,,,,,,,,,,,,,,,,,,,,
69.05,4.5,26.45,318.31,,,,,,,,,,,,,,,,,,,,,,
68.47,4.5,27.03,318.31,,,,,,,,,,,,,,,,,,,,,,
67.89,4.51,27.61,318.31,,,,,,,,,,,,,,,,,,,,,,
67.31,4.51,28.18,318.31,,,,,,,,,,,,,,,,,,,,,,
66.66,4.65,28.69,318.31,,,,,,,,,,,,,,,,,,,,,,
66.07,4.65,29.27,318.31,,,,,,,,,,,,,,,,,,,,,,
65.49,4.66,29.85,318.31,,,,,,,,,,,,,,,,,,,,,,
64.91,4.66,30.43,318.31,,,,,,,,,,,,,,,,,,,,,,
64.33,4.66,31.01,318.31,,,,,,,,,,,,,,,,,,,,,,
63.75,4.67,31.59,318.31,,,,,,,,,,,,,,,,,,,,,,
63.17,4.67,32.16,318.31,,,,,,,,,,,,,,,,,,,,,,
62.55,4.74,32.71,318.31,,,,,,,,,,,,,,,,,,,,,,
61.94,4.81,33.25,318.31,,,,,,,,,,,,,,,,,,,,,,
91.74,6.82,1.43,318.31,,,,,,,,,,,,,,,,,,,,,,
91.19,6.76,2.05,318.31,,,,,,,,,,,,,,,,,,,,,,
90.68,6.63,2.7,318.31,,,,,,,,,,,,,,,,,,,,,,
90.13,6.56,3.31,318.31,,,,,,,,,,,,,,,,,,,,,,
89.62,6.43,3.96,318.31,,,,,,,,,,,,,,,,,,,,,,
89.07,6.36,4.57,318.31,,,,,,,,,,,,,,,,,,,,,,
88.52,6.3,5.18,318.31,,,,,,,,,,,,,,,,,,,,,,
87.97,6.23,5.79,318.31,,,,,,,,,,,,,,,,,,,,,,
87.42,6.17,6.41,318.31,,,,,,,,,,,,,,,,,,,,,,
86.91,6.03,7.05,318.31,,,,,,,,,,,,,,,,,,,,,,
86.36,5.97,7.67,318.31,,,,,,,,,,,,,,,,,,,,,,
85.81,5.9,8.28,318.31,,,,,,,,,,,,,,,,,,,,,,
85.3,5.77,8.93,318.31,,,,,,,,,,,,,,,,,,,,,,
84.75,5.71,9.54,318.31,,,,,,,,,,,,,,,,,,,,,,
84.2,5.64,10.15,318.31,,,,,,,,,,,,,,,,,,,,,,
83.66,5.58,10.77,318.31,,,,,,,,,,,,,,,,,,,,,,
83.14,5.44,11.41,318.31,,,,,,,,,,,,,,,,,,,,,,
82.56,5.45,11.99,318.31,,,,,,,,,,,,,,,,,,,,,,
82.05,5.31,12.64,318.31,,,,,,,,,,,,,,,,,,,,,,
81.5,5.25,13.25,318.31,,,,,,,,,,,,,,,,,,,,,,
80.95,5.18,13.87,318.31,,,,,,,,,,,,,,,,,,,,,,
80.64,5.12,14.25,318.31,,,,,,,,,,,,,,,,,,,,,,
80.09,5.05,14.86,318.31,,,,,,,,,,,,,,,,,,,,,,
79.51,5.06,15.44,318.31,,,,,,,,,,,,,,,,,,,,,,
78.99,4.92,16.09,318.31,,,,,,,,,,,,,,,,,,,,,,
78.44,4.86,16.7,318.31,,,,,,,,,,,,,,,,,,,,,,
77.93,4.72,17.35,318.31,,,,,,,,,,,,,,,,,,,,,,
77.35,4.73,17.92,318.31,,,,,,,,,,,,,,,,,,,,,,
76.8,4.66,18.54,318.31,,,,,,,,,,,,,,,,,,,,,,
76.25,4.6,19.15,318.31,,,,,,,,,,,,,,,,,,,,,,
75.67,4.6,19.73,318.31,,,,,,,,,,,,,,,,,,,,,,
75.12,4.54,20.34,318.31,,,,,,,,,,,,,,,,,,,,,,
74.58,4.47,20.95,318.31,,,,,,,,,,,,,,,,,,,,,,
73.99,4.47,21.53,318.31,,,,,,,,,,,,,,,,,,,,,,
73.41,4.48,22.11,318.31,,,,,,,,,,,,,,,,,,,,,,
92.89,7.09,0.02,318.31,,,,,,,,,,,,,,,,,,,,,,
92.4,6.89,0.71,318.31,,,,,,,,,,,,,,,,,,,,,,
3.76,15.95,80.28,318.31,,,,,,,,,,,,,,,,,,,,,,
3.79,14.73,81.48,318.31,,,,,,,,,,,,,,,,,,,,,,
3.75,13.64,82.61,318.31,,,,,,,,,,,,,,,,,,,,,,
3.77,12.42,83.81,318.31,,,,,,,,,,,,,,,,,,,,,,
3.53,11.74,84.74,318.31,,,,,,,,,,,,,,,,,,,,,,
3.92,10.71,85.37,318.31,,,,,,,,,,,,,,,,,,,,,,
3.67,10.03,86.29,318.31,,,,,,,,,,,,,,,,,,,,,,
3.63,8.95,87.42,318.31,,,,,,,,,,,,,,,,,,,,,,
3.59,7.86,88.55,318.31,,,,,,,,,,,,,,,,,,,,,,
3.45,6.97,89.58,318.31,,,,,,,,,,,,,,,,,,,,,,
3.76,5.75,90.49,318.31,,,,,,,,,,,,,,,,,,,,,,
3.42,5.27,91.31,318.31,,,,,,,,,,,,,,,,,,,,,,
3.31,4.32,92.37,318.31,,,,,,,,,,,,,,,,,,,,,,
3.23,3.3,93.47,318.31,,,,,,,,,,,,,,,,,,,,,,
3.12,2.35,94.53,318.31,,,,,,,,,,,,,,,,,,,,,,
2.88,1.67,95.45,318.31,,,,,,,,,,,,,,,,,,,,,,
3.32,1.12,95.56,318.31,,,,,,,,,,,,,,,,,,,,,,
2.94,0.72,96.34,318.31,,,,,,,,,,,,,,,,,,,,,,
3.26,24.26,72.49,318.31,,,,,,,,,,,,,,,,,,,,,,
3.45,22.69,73.86,318.31,,,,,,,,,,,,,,,,,,,,,,
3.54,21.33,75.13,318.31,,,,,,,,,,,,,,,,,,,,,,
3.5,20.24,76.26,318.31,,,,,,,,,,,,,,,,,,,,,,
3.62,18.95,77.43,318.31,,,,,,,,,,,,,,,,,,,,,,
3,27.12,69.88,318.31,,,,,,,,,,,,,,,,,,,,,,
3.06,25.82,71.11,318.31,,,,,,,,,,,,,,,,,,,,,,
2.99,24.8,72.21,318.31,,,,,,,,,,,,,,,,,,,,,,
1.94,30.8,67.26,318.31,,,,,,,,,,,,,,,,,,,,,,
2.57,28.34,69.09,318.31,,,,,,,,,,,,,,,,,,,,,,
2.05,30.46,67.49,318.31,,,,,,,,,,,,,,,,,,,,,,
2.54,29.23,68.23,318.31,,,,,,,,,,,,,,,,,,,,,,
2.35,43.59,54.07,318.31,,,,,,,,,,,,,,,,,,,,,,
2.03,43.04,54.92,318.31,,,,,,,,,,,,,,,,,,,,,,
1.72,42.5,55.78,318.31,,,,,,,,,,,,,,,,,,,,,,
1.34,42.1,56.56,318.31,,,,,,,,,,,,,,,,,,,,,,
1.18,41.96,56.86,318.31,,,,,,,,,,,,,,,,,,,,,,
2.33,45.82,51.85,318.31,,,,,,,,,,,,,,,,,,,,,,
2.07,46.47,51.46,318.31,,,,,,,,,,,,,,,,,,,,,,
1.81,47.28,50.91,318.31,,,,,,,,,,,,,,,,,,,,,,
1.4,48.11,50.49,318.31,,,,,,,,,,,,,,,,,,,,,,
0.96,48.6,50.44,318.31,,,,,,,,,,,,,,,,,,,,,,
0.47,49.16,50.38,318.31,,,,,,,,,,,,,,,,,,,,,,
0.81,41.61,57.58,318.31,,,,,,,,,,,,,,,,,,,,,,
0.38,41.38,58.24,318.31,,,,,,,,,,,,,,,,,,,,,,
2.49,44.12,53.4,318.31,,,,,,,,,,,,,,,,,,,,,,
2.58,44.6,52.82,318.31,,,,,,,,,,,,,,,,,,,,,,
2.51,45.18,52.31,318.31,,,,,,,,,,,,,,,,,,,,,,
0.42,34,65.58,318.31,,,,,,,,,,,,,,,,,,,,,,
0.95,33.1,65.95,318.31,,,,,,,,,,,,,,,,,,,,,,
1.44,32.22,66.34,318.31,,,,,,,,,,,,,,,,,,,,,,
1.81,31.48,66.71,318.31,,,,,,,,,,,,,,,,,,,,,,
2.98,26.44,70.58,318.31,,,,,,,,,,,,,,,,,,,,,,
2.87,27.83,69.31,318.31,,,,,,,,,,,,,,,,,,,,,,
2.27,29.7,68.03,318.31,,,,,,,,,,,,,,,,,,,,,,
3.38,23.28,73.34,318.31,,,,,,,,,,,,,,,,,,,,,,
3.53,21.99,74.48,318.31,,,,,,,,,,,,,,,,,,,,,,
3.7,19.54,76.76,318.31,,,,,,,,,,,,,,,,,,,,,,
3.59,18.09,78.32,318.31,,,,,,,,,,,,,,,,,,,,,,
3.68,17.35,78.97,318.31,,,,,,,,,,,,,,,,,,,,,,
3.68,16.8,79.53,318.31,,,,,,,,,,,,,,,,,,,,,,
3.73,15.41,80.86,318.31,,,,,,,,,,,,,,,,,,,,,,
3.7,13.13,83.17,318.31,,,,,,,,,,,,,,,,,,,,,,
3.73,14.03,82.25,318.31,,,,,,,,,,,,,,,,,,,,,,
3.63,9.48,86.88,318.31,,,,,,,,,,,,,,,,,,,,,,
3.46,6.32,90.21,318.31,,,,,,,,,,,,,,,,,,,,,,
3.78,8.19,88.03,318.31,,,,,,,,,,,,,,,,,,,,,,
3.12,0.01,96.87,318.31,,,,,,,,,,,,,,,,,,,,,,
83.02,16.26,0.72,795.78,,,,,,,,,,,,,,,,,,,,,,
82.94,15.24,1.82,795.78,,,,,,,,,,,,,,,,,,,,,,
82.76,14.43,2.81,795.78,,,,,,,,,,,,,,,,,,,,,,
82.52,13.75,3.73,795.78,,,,,,,,,,,,,,,,,,,,,,
82.21,13.21,4.59,795.78,,,,,,,,,,,,,,,,,,,,,,
81.9,12.66,5.44,795.78,,,,,,,,,,,,,,,,,,,,,,
81.55,12.19,6.26,795.78,,,,,,,,,,,,,,,,,,,,,,
81.2,11.71,7.08,795.78,,,,,,,,,,,,,,,,,,,,,,
80.82,11.31,7.87,795.78,,,,,,,,,,,,,,,,,,,,,,
80.41,10.97,8.62,795.78,,,,,,,,,,,,,,,,,,,,,,
80.03,10.56,9.4,795.78,,,,,,,,,,,,,,,,,,,,,,
79.62,10.23,10.15,795.78,,,,,,,,,,,,,,,,,,,,,,
79.21,9.89,10.91,795.78,,,,,,,,,,,,,,,,,,,,,,
78.79,9.55,11.66,795.78,,,,,,,,,,,,,,,,,,,,,,
78.31,9.35,12.34,795.78,,,,,,,,,,,,,,,,,,,,,,
77.87,9.08,13.05,795.78,,,,,,,,,,,,,,,,,,,,,,
77.42,8.81,13.77,795.78,,,,,,,,,,,,,,,,,,,,,,
76.94,8.61,14.45,795.78,,,,,,,,,,,,,,,,,,,,,,
76.46,8.41,15.14,795.78,,,,,,,,,,,,,,,,,,,,,,
76.01,8.14,15.85,795.78,,,,,,,,,,,,,,,,,,,,,,
75.53,7.94,16.53,795.78,,,,,,,,,,,,,,,,,,,,,,
75.05,7.73,17.22,795.78,,,,,,,,,,,,,,,,,,,,,,
74.5,7.67,17.83,795.78,,,,,,,,,,,,,,,,,,,,,,
73.99,7.54,18.48,795.78,,,,,,,,,,,,,,,,,,,,,,
73.51,7.33,19.16,795.78,,,,,,,,,,,,,,,,,,,,,,
72.96,7.27,19.77,795.78,,,,,,,,,,,,,,,,,,,,,,
72.45,7.14,20.42,795.78,,,,,,,,,,,,,,,,,,,,,,
71.93,7,21.07,795.78,,,,,,,,,,,,,,,,,,,,,,
71.38,6.94,21.68,795.78,,,,,,,,,,,,,,,,,,,,,,
70.84,6.87,22.29,795.78,,,,,,,,,,,,,,,,,,,,,,
70.29,6.81,22.9,795.78,,,,,,,,,,,,,,,,,,,,,,
69.74,6.74,23.52,795.78,,,,,,,,,,,,,,,,,,,,,,
69.19,6.68,24.13,795.78,,,,,,,,,,,,,,,,,,,,,,
68.64,6.61,24.74,795.78,,,,,,,,,,,,,,,,,,,,,,
68.1,6.55,25.36,795.78,,,,,,,,,,,,,,,,,,,,,,
67.55,6.48,25.97,795.78,,,,,,,,,,,,,,,,,,,,,,
67,6.42,26.58,795.78,,,,,,,,,,,,,,,,,,,,,,
66.42,6.42,27.16,795.78,,,,,,,,,,,,,,,,,,,,,,
65.84,6.42,27.74,795.78,,,,,,,,,,,,,,,,,,,,,,
65.29,6.36,28.35,795.78,,,,,,,,,,,,,,,,,,,,,,
64.71,6.36,28.93,795.78,,,,,,,,,,,,,,,,,,,,,,
64.16,6.3,29.54,795.78,,,,,,,,,,,,,,,,,,,,,,
63.58,6.3,30.12,795.78,,,,,,,,,,,,,,,,,,,,,,
63,6.3,30.7,795.78,,,,,,,,,,,,,,,,,,,,,,
62.42,6.31,31.28,795.78,,,,,,,,,,,,,,,,,,,,,,
61.87,6.24,31.89,795.78,,,,,,,,,,,,,,,,,,,,,,
61.25,6.31,32.43,795.78,,,,,,,,,,,,,,,,,,,,,,
60.67,6.32,33.01,795.78,,,,,,,,,,,,,,,,,,,,,,
60.09,6.32,33.59,795.78,,,,,,,,,,,,,,,,,,,,,,
59.47,6.39,34.14,795.78,,,,,,,,,,,,,,,,,,,,,,
83.01,15.76,1.23,795.78,,,,,,,,,,,,,,,,,,,,,,
83.03,16.8,0.18,795.78,,,,,,,,,,,,,,,,,,,,,,
78.68,18.94,2.38,795.78,,,,,,,,,,,,,,,,,,,,,,
78.16,18.81,3.03,795.78,,,,,,,,,,,,,,,,,,,,,,
71.99,26.6,1.41,795.78,,,,,,,,,,,,,,,,,,,,,,
71.38,26.67,1.95,795.78,,,,,,,,,,,,,,,,,,,,,,
70.76,26.74,2.5,795.78,,,,,,,,,,,,,,,,,,,,,,
70.15,26.81,3.04,795.78,,,,,,,,,,,,,,,,,,,,,,
69.53,26.88,3.58,795.78,,,,,,,,,,,,,,,,,,,,,,
68.92,26.96,4.13,795.78,,,,,,,,,,,,,,,,,,,,,,
68.33,26.96,4.71,795.78,,,,,,,,,,,,,,,,,,,,,,
67.72,27.03,5.25,795.78,,,,,,,,,,,,,,,,,,,,,,
67.14,27.03,5.83,795.78,,,,,,,,,,,,,,,,,,,,,,
66.56,27.04,6.41,795.78,,,,,,,,,,,,,,,,,,,,,,
65.97,27.04,6.99,795.78,,,,,,,,,,,,,,,,,,,,,,
65.39,27.04,7.56,795.78,,,,,,,,,,,,,,,,,,,,,,
64.81,27.05,8.14,795.78,,,,,,,,,,,,,,,,,,,,,,
64.23,27.05,8.72,795.78,,,,,,,,,,,,,,,,,,,,,,
63.65,27.05,9.3,795.78,,,,,,,,,,,,,,,,,,,,,,
63.1,26.99,9.91,795.78,,,,,,,,,,,,,,,,,,,,,,
62.55,26.92,10.53,795.78,,,,,,,,,,,,,,,,,,,,,,
61.97,26.93,11.1,795.78,,,,,,,,,,,,,,,,,,,,,,
61.39,26.93,11.68,795.78,,,,,,,,,,,,,,,,,,,,,,
60.87,26.8,12.33,795.78,,,,,,,,,,,,,,,,,,,,,,
60.29,26.8,12.91,795.78,,,,,,,,,,,,,,,,,,,,,,
59.74,26.73,13.52,795.78,,,,,,,,,,,,,,,,,,,,,,
59.2,26.67,14.13,795.78,,,,,,,,,,,,,,,,,,,,,,
58.65,26.6,14.75,795.78,,,,,,,,,,,,,,,,,,,,,,
58.13,26.47,15.39,795.78,,,,,,,,,,,,,,,,,,,,,,
57.55,26.47,15.97,795.78,,,,,,,,,,,,,,,,,,,,,,
57.04,26.34,16.62,795.78,,,,,,,,,,,,,,,,,,,,,,
56.49,26.28,17.23,795.78,,,,,,,,,,,,,,,,,,,,,,
55.98,26.14,17.88,795.78,,,,,,,,,,,,,,,,,,,,,,
55.43,26.08,18.49,795.78,,,,,,,,,,,,,,,,,,,,,,
54.88,26.01,19.11,795.78,,,,,,,,,,,,,,,,,,,,,,
54.37,25.88,19.75,795.78,,,,,,,,,,,,,,,,,,,,,,
53.85,25.75,20.4,795.78,,,,,,,,,,,,,,,,,,,,,,
53.34,25.61,21.05,795.78,,,,,,,,,,,,,,,,,,,,,,
52.82,25.48,21.7,795.78,,,,,,,,,,,,,,,,,,,,,,
52.31,25.35,22.34,795.78,,,,,,,,,,,,,,,,,,,,,,
51.8,25.21,22.99,795.78,,,,,,,,,,,,,,,,,,,,,,
51.25,25.15,23.6,795.78,,,,,,,,,,,,,,,,,,,,,,
50.77,24.95,24.29,795.78,,,,,,,,,,,,,,,,,,,,,,
50.29,24.75,24.97,795.78,,,,,,,,,,,,,,,,,,,,,,
49.81,24.54,25.65,795.78,,,,,,,,,,,,,,,,,,,,,,
49.33,24.34,26.33,795.78,,,,,,,,,,,,,,,,,,,,,,
48.85,24.14,27.01,795.78,,,,,,,,,,,,,,,,,,,,,,
48.33,24.01,27.66,795.78,,,,,,,,,,,,,,,,,,,,,,
47.85,23.81,28.34,795.78,,,,,,,,,,,,,,,,,,,,,,
47.37,23.6,29.02,795.78,,,,,,,,,,,,,,,,,,,,,,
46.89,23.4,29.71,795.78,,,,,,,,,,,,,,,,,,,,,,
46.44,23.13,30.42,795.78,,,,,,,,,,,,,,,,,,,,,,
45.96,22.93,31.1,795.78,,,,,,,,,,,,,,,,,,,,,,
45.48,22.73,31.79,795.78,,,,,,,,,,,,,,,,,,,,,,
45.04,22.46,32.5,795.78,,,,,,,,,,,,,,,,,,,,,,
44.56,22.26,33.19,795.78,,,,,,,,,,,,,,,,,,,,,,
44.11,21.99,33.9,795.78,,,,,,,,,,,,,,,,,,,,,,
72.63,26.56,0.8,795.78,,,,,,,,,,,,,,,,,,,,,,
73.32,26.54,0.15,795.78,,,,,,,,,,,,,,,,,,,,,,
43.69,21.7,34.61,795.78,,,,,,,,,,,,,,,,,,,,,,
43.23,21.35,35.41,795.78,,,,,,,,,,,,,,,,,,,,,,
42.73,21.01,36.26,795.78,,,,,,,,,,,,,,,,,,,,,,
42.24,20.78,36.98,795.78,,,,,,,,,,,,,,,,,,,,,,
41.8,20.55,37.65,795.78,,,,,,,,,,,,,,,,,,,,,,
41.4,20.21,38.39,795.78,,,,,,,,,,,,,,,,,,,,,,
40.98,19.98,39.04,795.78,,,,,,,,,,,,,,,,,,,,,,
40.41,19.61,39.97,795.78,,,,,,,,,,,,,,,,,,,,,,
39.98,19.23,40.8,795.78,,,,,,,,,,,,,,,,,,,,,,
39.5,18.88,41.62,795.78,,,,,,,,,,,,,,,,,,,,,,
39.17,18.47,42.36,795.78,,,,,,,,,,,,,,,,,,,,,,
38.65,18.06,43.3,795.78,,,,,,,,,,,,,,,,,,,,,,
38.18,17.53,44.29,795.78,,,,,,,,,,,,,,,,,,,,,,
37.79,17.09,45.12,795.78,,,,,,,,,,,,,,,,,,,,,,
37.48,16.72,45.8,795.78,,,,,,,,,,,,,,,,,,,,,,
37.12,16.38,46.5,795.78,,,,,,,,,,,,,,,,,,,,,,
36.85,15.97,47.18,795.78,,,,,,,,,,,,,,,,,,,,,,
36.55,15.53,47.92,795.78,,,,,,,,,,,,,,,,,,,,,,
36.19,15.07,48.74,795.78,,,,,,,,,,,,,,,,,,,,,,
35.96,14.59,49.46,795.78,,,,,,,,,,,,,,,,,,,,,,
35.79,14.13,50.08,795.78,,,,,,,,,,,,,,,,,,,,,,
35.6,13.6,50.8,795.78,,,,,,,,,,,,,,,,,,,,,,
35.52,13,51.48,795.78,,,,,,,,,,,,,,,,,,,,,,
35.53,12.35,52.12,795.78,,,,,,,,,,,,,,,,,,,,,,
35.8,11.68,52.52,795.78,,,,,,,,,,,,,,,,,,,,,,
36.17,10.94,52.89,795.78,,,,,,,,,,,,,,,,,,,,,,
36.68,10.39,52.94,795.78,,,,,,,,,,,,,,,,,,,,,,
37.31,9.9,52.79,795.78,,,,,,,,,,,,,,,,,,,,,,
38.04,9.45,52.5,795.78,,,,,,,,,,,,,,,,,,,,,,
38.79,9.06,52.15,795.78,,,,,,,,,,,,,,,,,,,,,,
39.53,8.71,51.76,795.78,,,,,,,,,,,,,,,,,,,,,,
40.28,8.43,51.29,795.78,,,,,,,,,,,,,,,,,,,,,,
40.97,8.19,50.84,795.78,,,,,,,,,,,,,,,,,,,,,,
41.69,8.07,50.23,795.78,,,,,,,,,,,,,,,,,,,,,,
42.4,7.95,49.64,795.78,,,,,,,,,,,,,,,,,,,,,,
43.19,7.83,48.98,795.78,,,,,,,,,,,,,,,,,,,,,,
43.9,7.74,48.36,795.78,,,,,,,,,,,,,,,,,,,,,,
44.59,7.67,47.75,795.78,,,,,,,,,,,,,,,,,,,,,,
45.28,7.62,47.1,795.78,,,,,,,,,,,,,,,,,,,,,,
45.96,7.59,46.45,795.78,,,,,,,,,,,,,,,,,,,,,,
46.8,7.45,45.75,795.78,,,,,,,,,,,,,,,,,,,,,,
47.56,7.35,45.09,795.78,,,,,,,,,,,,,,,,,,,,,,
48.23,7.23,44.54,795.78,,,,,,,,,,,,,,,,,,,,,,
48.87,7.2,43.93,795.78,,,,,,,,,,,,,,,,,,,,,,
49.63,7.06,43.31,795.78,,,,,,,,,,,,,,,,,,,,,,
50.27,6.99,42.74,795.78,,,,,,,,,,,,,,,,,,,,,,
50.9,6.92,42.19,795.78,,,,,,,,,,,,,,,,,,,,,,
51.52,6.89,41.59,795.78,,,,,,,,,,,,,,,,,,,,,,
52.23,6.82,40.96,795.78,,,,,,,,,,,,,,,,,,,,,,
52.79,6.79,40.42,795.78,,,,,,,,,,,,,,,,,,,,,,
53.42,6.72,39.87,795.78,,,,,,,,,,,,,,,,,,,,,,
54.07,6.67,39.26,795.78,,,,,,,,,,,,,,,,,,,,,,
54.63,6.64,38.73,795.78,,,,,,,,,,,,,,,,,,,,,,
55.2,6.61,38.19,795.78,,,,,,,,,,,,,,,,,,,,,,
55.89,6.56,37.54,795.78,,,,,,,,,,,,,,,,,,,,,,
56.5,6.56,36.94,795.78,,,,,,,,,,,,,,,,,,,,,,
58.78,6.48,34.74,795.78,,,,,,,,,,,,,,,,,,,,,,
58.22,6.46,35.32,795.78,,,,,,,,,,,,,,,,,,,,,,
57.64,6.49,35.87,795.78,,,,,,,,,,,,,,,,,,,,,,
57.09,6.56,36.35,795.78,,,,,,,,,,,,,,,,,,,,,,
56.96,19.33,23.7,2387.33,,,,,,,,,,,,,,,,,,,,,,
55.81,20.5,23.69,2387.33,,,,,,,,,,,,,,,,,,,,,,
56.96,18.18,24.87,2387.33,,,,,,,,,,,,,,,,,,,,,,
54.86,21.25,23.89,2387.33,,,,,,,,,,,,,,,,,,,,,,
56.71,17.5,25.79,2387.33,,,,,,,,,,,,,,,,,,,,,,
54.14,21.53,24.33,2387.33,,,,,,,,,,,,,,,,,,,,,,
56.3,17.16,26.54,2387.33,,,,,,,,,,,,,,,,,,,,,,
53.49,21.67,24.84,2387.33,,,,,,,,,,,,,,,,,,,,,,
55.85,16.89,27.26,2387.33,,,,,,,,,,,,,,,,,,,,,,
52.84,21.81,25.35,2387.33,,,,,,,,,,,,,,,,,,,,,,
52.26,21.81,25.93,2387.33,,,,,,,,,,,,,,,,,,,,,,
51.71,21.74,26.54,2387.33,,,,,,,,,,,,,,,,,,,,,,
51.16,21.68,27.16,2387.33,,,,,,,,,,,,,,,,,,,,,,
50.68,21.48,27.84,2387.33,,,,,,,,,,,,,,,,,,,,,,
50.24,21.21,28.56,2387.33,,,,,,,,,,,,,,,,,,,,,,
52.6,16.43,30.97,2387.33,,,,,,,,,,,,,,,,,,,,,,
49.79,20.94,29.27,2387.33,,,,,,,,,,,,,,,,,,,,,,
51.92,16.64,31.45,2387.33,,,,,,,,,,,,,,,,,,,,,,
49.41,20.53,30.06,2387.33,,,,,,,,,,,,,,,,,,,,,,
51.16,16.98,31.85,2387.33,,,,,,,,,,,,,,,,,,,,,,
50.3,21.07,28.62,2387.33,,,,,,,,,,,,,,,,,,,,,,
52.6,16.43,30.97,2387.33,,,,,,,,,,,,,,,,,,,,,,
49.79,20.94,29.27,2387.33,,,,,,,,,,,,,,,,,,,,,,
51.92,16.64,31.45,2387.33,,,,,,,,,,,,,,,,,,,,,,
49.41,20.53,30.06,2387.33,,,,,,,,,,,,,,,,,,,,,,
51.16,16.98,31.85,2387.33,,,,,,,,,,,,,,,,,,,,,,
49.17,19.85,30.98,2387.33,,,,,,,,,,,,,,,,,,,,,,
50.35,17.46,32.19,2387.33,,,,,,,,,,,,,,,,,,,,,,
49.23,18.56,32.21,2387.33,,,,,,,,,,,,,,,,,,,,,,
57,18.72,24.28,2387.33,,,,,,,,,,,,,,,,,,,,,,
55.28,16.72,28,2387.33,,,,,,,,,,,,,,,,,,,,,,
54.56,16.65,28.78,2387.33,,,,,,,,,,,,,,,,,,,,,,
53.88,16.61,29.51,2387.33,,,,,,,,,,,,,,,,,,,,,,
53.35,16.52,30.13,2387.33,,,,,,,,,,,,,,,,,,,,,,
49.81,17.99,32.2,2387.33,,,,,,,,,,,,,,,,,,,,,,
49.12,19.31,31.57,2387.33,,,,,,,,,,,,,,,,,,,,,,
56.34,20.01,23.64,2387.33,,,,,,,,,,,,,,,,,,,,,,
79.12,19.21,1.67,1591.55,,,,,,,,,,,,,,,,,,,,,,
78.71,18.87,2.42,1591.55,,,,,,,,,,,,,,,,,,,,,,
78.3,18.53,3.17,1591.55,,,,,,,,,,,,,,,,,,,,,,
77.92,18.13,3.95,1591.55,,,,,,,,,,,,,,,,,,,,,,
77.51,17.79,4.7,1591.55,,,,,,,,,,,,,,,,,,,,,,
77.09,17.45,5.46,1591.55,,,,,,,,,,,,,,,,,,,,,,
76.68,17.11,6.21,1591.55,,,,,,,,,,,,,,,,,,,,,,
76.27,16.78,6.96,1591.55,,,,,,,,,,,,,,,,,,,,,,
75.82,16.51,7.67,1591.55,,,,,,,,,,,,,,,,,,,,,,
75.41,16.17,8.42,1591.55,,,,,,,,,,,,,,,,,,,,,,
74.93,15.97,9.11,1591.55,,,,,,,,,,,,,,,,,,,,,,
74.48,15.7,9.82,1591.55,,,,,,,,,,,,,,,,,,,,,,
74.03,15.43,10.54,1591.55,,,,,,,,,,,,,,,,,,,,,,
73.59,15.16,11.26,1591.55,,,,,,,,,,,,,,,,,,,,,,
73.04,15.09,11.87,1591.55,,,,,,,,,,,,,,,,,,,,,,
73.2,14.89,11.91,1591.55,,,,,,,,,,,,,,,,,,,,,,
72.75,14.62,12.63,1591.55,,,,,,,,,,,,,,,,,,,,,,
72.27,14.42,13.31,1591.55,,,,,,,,,,,,,,,,,,,,,,
71.82,14.15,14.03,1591.55,,,,,,,,,,,,,,,,,,,,,,
71.31,14.01,14.68,1591.55,,,,,,,,,,,,,,,,,,,,,,
70.86,13.74,15.39,1591.55,,,,,,,,,,,,,,,,,,,,,,
70.38,13.54,16.08,1591.55,,,,,,,,,,,,,,,,,,,,,,
69.9,13.34,16.76,1591.55,,,,,,,,,,,,,,,,,,,,,,
69.42,13.14,17.44,1591.55,,,,,,,,,,,,,,,,,,,,,,
68.94,12.94,18.12,1591.55,,,,,,,,,,,,,,,,,,,,,,
68.46,12.74,18.8,1591.55,,,,,,,,,,,,,,,,,,,,,,
67.98,12.54,19.48,1591.55,,,,,,,,,,,,,,,,,,,,,,
67.47,12.4,20.13,1591.55,,,,,,,,,,,,,,,,,,,,,,
66.95,12.27,20.78,1591.55,,,,,,,,,,,,,,,,,,,,,,
66.47,12.07,21.46,1591.55,,,,,,,,,,,,,,,,,,,,,,
65.96,11.93,22.11,1591.55,,,,,,,,,,,,,,,,,,,,,,
65.48,11.73,22.79,1591.55,,,,,,,,,,,,,,,,,,,,,,
64.96,11.6,23.44,1591.55,,,,,,,,,,,,,,,,,,,,,,
64.48,11.4,24.12,1591.55,,,,,,,,,,,,,,,,,,,,,,
63.97,11.27,24.77,1591.55,,,,,,,,,,,,,,,,,,,,,,
63.42,11.2,25.38,1591.55,,,,,,,,,,,,,,,,,,,,,,
62.91,11.07,26.03,1591.55,,,,,,,,,,,,,,,,,,,,,,
62.39,10.93,26.68,1591.55,,,,,,,,,,,,,,,,,,,,,,
61.84,10.87,27.29,1591.55,,,,,,,,,,,,,,,,,,,,,,
61.3,10.8,27.9,1591.55,,,,,,,,,,,,,,,,,,,,,,
