Fe (at%),Ni (at%),Co (at%),Electrical Resistivity (??·cm)
33.49,0.18,66.32,8
33.88,0.58,65.54,8
34.56,0.88,64.56,8
34.98,1.37,63.65,8
35.61,1.77,62.62,8
36.29,2.07,61.64,8
37.02,2.27,60.71,8
37.75,2.47,59.78,8
38.53,2.57,58.9,8
39.36,2.57,58.07,8
40.19,2.58,57.24,8
40.92,2.78,56.31,8
41.69,2.88,55.43,8
42.52,2.88,54.6,8
43.4,2.79,53.82,8
36.75,1.97,61.28,8
37.48,2.17,60.35,8
38.17,2.47,59.37,8
39.04,2.37,58.58,8
39.72,2.67,57.6,8
40.55,2.68,56.77,8
41.38,2.68,55.94,8
42.2,2.68,55.11,8
43.08,2.59,54.33,8
41.38,2.68,55.94,8
33.99,0.19,65.83,8
34.37,0.58,65.05,8
34.74,1.17,64.08,8
35.42,1.47,63.1,8
36.15,1.67,62.17,8
36.84,1.97,61.19,8
37.57,2.17,60.26,8
38.3,2.37,59.33,8
39.12,2.37,58.5,8
39.85,2.57,57.57,8
40.73,2.48,56.79,8
41.56,2.48,55.96,8
42.34,2.59,55.08,8
43.16,2.59,54.25,8
35.37,1.08,63.55,8
35.96,1.57,62.47,8
36.69,1.77,61.54,8
37.37,2.07,60.56,8
38.15,2.17,59.68,8
38.97,2.18,58.85,8
39.7,2.38,57.92,8
40.53,2.38,57.09,8
38.21,2.37,59.42,8
36.11,1.77,62.12,8
35.8,1.38,62.82,8
45.2,2.5,52.3,8
46.17,2.21,51.62,8
47,2.21,50.79,8
47.97,1.92,50.11,8
48.81,1.73,49.46,8
49.58,1.34,49.08,8
50.57,0.86,48.58,8
51.37,0.56,48.06,8
52.06,0.17,47.76,8
45.79,2.31,51.9,8
46.62,2.31,51.07,8
47.64,1.92,50.44,8
48.51,1.83,49.66,8
52.46,10.79,36.75,10
53.26,10.01,36.73,10
54.01,9.33,36.66,10
54.77,8.64,36.59,10
55.6,7.96,36.44,10
56.3,7.37,36.32,10
56.97,6.69,36.34,10
57.6,6.1,36.3,10
58.3,5.51,36.19,10
58.97,4.83,36.2,10
59.66,4.44,35.9,10
60.51,3.56,35.93,10
61.26,2.87,35.87,10
62.06,2.09,35.85,10
62.65,1.4,35.95,10
63.37,0.62,36.01,10
52.64,10.6,36.76,10
53.51,10.01,36.48,10
54.23,9.23,36.54,10
55.01,8.64,36.34,10
55.9,7.86,36.24,10
56.62,7.08,36.31,10
57.4,6.49,36.11,10
58.02,5.9,36.07,10
58.91,5.12,35.97,10
53.25,10.21,36.55,10
54.13,9.43,36.44,10
54.83,8.84,36.33,10
55.54,8.25,36.21,10
56.33,7.67,36.01,10
57.03,7.08,35.89,10
57.65,6.49,35.86,10
58.45,5.71,35.84,10
26.26,0.05,73.69,10
26.91,0.25,72.84,10
27.16,0.75,72.09,10
27.86,0.85,71.3,10
28.31,1.44,70.25,10
28.91,1.74,69.35,10
29.3,2.13,68.57,10
29.76,2.53,67.71,10
30.23,2.92,66.85,10
30.62,3.32,66.06,10
31,3.71,65.28,10
31.47,4.11,64.42,10
31.86,4.5,63.64,10
32.29,4.8,62.91,10
32.76,5.2,62.05,10
33.23,5.59,61.18,10
33.65,6.08,60.27,10
33.98,6.58,59.44,10
34.5,6.88,58.63,10
34.97,7.27,57.76,10
35.3,7.76,56.93,10
35.51,8.35,56.14,10
36.11,8.65,55.24,10
36.74,9.05,54.21,10
37.04,9.44,53.51,10
37.51,9.84,52.65,10
37.98,10.23,51.79,10
38.4,10.73,50.87,10
38.61,11.32,50.08,10
39.09,11.52,49.39,10
39.59,12.01,48.4,10
40.27,12.31,47.42,10
41,12.51,46.49,10
41.64,12.91,45.46,10
42.37,13.11,44.53,10
43.14,13.21,43.65,10
43.92,13.31,42.77,10
44.85,13.12,42.03,10
45.63,13.22,41.15,10
46.55,13.03,40.42,10
47.23,13.33,39.44,10
48.16,13.13,38.71,10
49.18,12.74,38.08,10
40.87,12.61,46.52,10
41.65,12.71,45.64,10
42.43,12.81,44.76,10
43.11,13.11,43.78,10
43.89,13.21,42.9,10
44.67,13.31,42.02,10
45.45,13.42,41.14,10
46.27,13.42,40.31,10
47.2,13.23,39.58,10
48.12,13.03,38.84,10
49.09,12.74,38.16,10
49.87,12.35,37.78,10
45.33,13.32,41.35,10
40.53,12.11,47.35,10
41.17,12.51,46.32,10
41.9,12.71,45.39,10
42.58,13.01,44.41,10
43.41,13.01,43.58,10
44.14,13.21,42.65,10
43.18,13.31,43.51,10
44.15,13.02,42.83,10
42,13.01,44.99,10
42.88,12.91,44.21,10
43.7,12.92,43.38,10
3.03,0.93,96.04,10
3.75,0.14,96.11,10
2.98,1.02,95.99,10
2.83,2.01,95.16,10
2.08,33.76,64.16,10
2.19,32.87,64.94,10
2.16,32.09,65.75,10
2.17,31.4,66.43,10
2.18,30.71,67.11,10
2.27,30.02,67.71,10
2.27,29.34,68.39,10
2.2,28.65,69.15,10
2.09,27.86,70.05,10
2.18,27.17,70.65,10
2.19,26.48,71.33,10
2.02,25.99,71.99,10
2.03,25.3,72.67,10
1.95,24.61,73.43,10
1.96,23.93,74.11,10
1.64,23.24,75.13,10
1.43,22.65,75.92,10
0.96,22.25,76.79,10
0.47,21.56,77.97,10
0.4,7.11,92.5,10
0.96,6.13,92.91,10
1.53,5.15,93.32,10
1.83,36.12,62.05,10
1.59,37.1,61.31,10
1.45,37.89,60.66,10
1.53,38.57,59.9,10
1.44,39.26,59.3,10
1.12,40.24,58.64,10
1.11,40.93,57.96,10
0.96,41.91,57.13,10
0.56,42.89,56.55,10
3.24,91.87,4.89,10
3.71,92.26,4.02,10
4.01,92.66,3.33,10
4.35,93.15,2.5,10
4.74,93.55,1.72,10
4.81,94.24,0.95,10
5.11,94.63,0.26,10
3.18,92.16,4.66,10
3.7,92.46,3.84,10
3.95,92.95,3.1,10
4.07,93.54,2.38,10
4.59,93.84,1.57,10
3.1,92.16,4.74,10
3.42,92.85,3.73,10
3.89,93.25,2.86,10
1.18,87.83,11,10
1.3,88.42,10.28,10
1.68,88.81,9.5,10
1.94,89.31,8.76,10
2.01,89.99,7.99,10
1.44,88.81,9.75,10
1.69,89.3,9,10
1.94,89.8,8.26,10
1.1,87.14,11.76,10
1.04,87.93,11.03,10
0.87,86.79,12.33,10
0.56,86.34,13.09,10
0.53,85.8,13.67,10
0.36,85.53,14.11,10
0.33,84.81,14.85,10
57.52,12.98,29.5,12
58.16,12,29.83,12
58.85,11.61,29.53,12
59.59,10.63,29.78,12
60.32,9.65,30.03,12
60.8,8.67,30.53,12
61.45,7.69,30.86,12
62.27,6.71,31.02,12
63,5.73,31.27,12
63.6,4.85,31.55,12
64.24,4.07,31.7,12
65.06,3.58,31.36,12
65.46,2.6,31.94,12
66.13,1.91,31.96,12
66.72,1.23,32.06,12
67.54,0.74,31.72,12
22.32,0.13,77.54,12
23.05,0.33,76.61,12
23.44,0.73,75.83,12
24.1,0.73,75.17,12
24.7,1.03,74.27,12
24.78,1.72,73.51,12
25.22,1.82,72.96,12
25.69,2.21,72.1,12
26.35,2.22,71.43,12
26.74,2.61,70.65,12
27.25,2.91,69.84,12
27.61,3.2,69.19,12
28.04,3.5,68.46,12
28.56,3.8,67.64,12
29.19,4.2,66.61,12
29.66,4.59,65.75,12
29.99,5.08,64.92,12
30.21,5.48,64.31,12
30.88,5.48,63.64,12
31.43,5.88,62.7,12
31.81,6.27,61.92,12
32.33,6.57,61.1,12
32.8,6.97,60.24,12
33.18,7.36,59.46,12
33.57,7.76,58.68,12
34.08,8.05,57.86,12
34.55,8.45,57,12
34.94,8.84,56.22,12
35.36,9.34,55.31,12
35.74,9.73,54.53,12
36.16,10.23,53.61,12
36.59,10.52,52.88,12
37.15,10.92,51.94,12
37.19,11.51,51.31,12
37.83,11.71,50.46,12
38.42,12.2,49.38,12
38.85,12.5,48.65,12
39.02,12.99,47.98,12
39.54,13.29,47.17,12
39.97,13.59,46.44,12
40.49,13.88,45.63,12
40.91,14.38,44.71,12
41.08,14.87,44.05,12
41.83,14.87,43.3,12
41.98,15.56,42.45,12
42.71,15.76,41.52,12
43.35,16.16,40.5,12
44.13,16.26,39.61,12
44.86,16.46,38.68,12
45.54,16.76,37.7,12
46.32,16.86,36.82,12
47.09,16.96,35.94,12
47.97,16.87,35.16,12
48.85,16.77,34.38,12
49.67,16.78,33.55,12
50.55,16.68,32.77,12
51.47,16.49,32.04,12
52.35,16.4,31.26,12
53.27,16.21,30.52,12
53.95,16.01,30.04,12
54.64,15.62,29.74,12
52.63,16.5,30.87,12
53.53,16.01,30.46,12
54.27,15.52,30.21,12
42.18,15.66,42.16,12
43.01,15.67,41.33,12
43.59,16.16,40.25,12
44.32,16.36,39.32,12
45.15,16.36,38.48,12
45.83,16.66,37.5,12
46.66,16.67,36.67,12
47.34,16.96,35.69,12
48.12,17.07,34.81,12
49.05,16.87,34.08,12
49.92,16.78,33.3,12
50.7,16.88,32.42,12
51.67,16.59,31.74,12
52.5,16.59,30.91,12
48.49,17.17,34.35,12
49.31,17.17,33.52,12
50.38,16.68,32.93,12
51.21,16.69,32.1,12
51.99,16.79,31.22,12
50.88,16.69,32.44,12
51.66,16.79,31.55,12
52.68,16.4,30.92,12
49.78,17.07,33.15,12
50.6,17.08,32.32,12
48.91,16.97,34.11,12
9.24,36.55,54.21,12
9.01,37.53,53.46,12
8.85,38.51,52.64,12
8.62,39.49,51.89,12
8.38,40.47,51.14,12
8.15,41.46,50.4,12
7.91,42.44,49.65,12
7.65,43.13,49.22,12
7.42,44.11,48.47,12
7.27,45.09,47.65,12
7.11,46.07,46.82,12
7.01,46.96,46.04,12
6.77,47.94,45.29,12
6.6,48.63,44.78,12
6.16,49.51,44.33,12
6.25,50,43.75,12
6.03,50.79,43.19,12
6.32,51.38,42.31,12
5.8,52.26,41.94,12
5.74,53.05,41.21,12
5.69,53.83,40.48,12
5.59,54.52,39.89,12
5.5,55.21,39.29,12
5.71,55.8,38.49,12
5.75,56.39,37.86,12
5.28,57.17,37.55,12
5.31,57.96,36.73,12
5.2,58.84,35.95,12
5.1,59.73,35.18,12
5.17,60.42,34.41,12
4.98,61.3,33.72,12
5.01,62.09,32.9,12
4.91,62.97,32.12,12
4.9,63.66,31.44,12
4.94,64.25,30.81,12
5.01,64.94,30.05,12
4.92,65.63,29.45,12
4.78,66.41,28.81,12
4.86,67.1,28.04,12
4.8,67.89,27.31,12
5.05,68.38,26.57,12
4.87,69.26,25.87,12
4.81,70.05,25.14,12
4.72,70.74,24.54,12
4.76,71.33,23.91,12
4.62,72.11,23.27,12
4.66,72.7,22.63,12
4.7,73.29,22,12
4.82,73.88,21.29,12
4.69,74.67,20.64,12
4.84,75.36,19.8,12
4.75,76.05,19.2,12
4.88,76.64,18.49,12
4.87,77.33,17.81,12
4.94,78.01,17.04,12
4.93,78.7,16.36,12
4.97,79.29,15.73,12
5.05,79.98,14.97,12
5.04,80.67,14.29,12
5.25,81.26,13.49,12
5.19,82.05,12.76,12
5.31,82.64,12.05,12
5.44,83.23,11.34,12
5.55,84.01,10.44,12
5.67,84.6,9.73,12
5.69,85.39,8.91,12
5.82,85.98,8.2,12
6.2,86.38,7.42,12
6.46,86.87,6.67,12
6.7,87.56,5.74,12
6.69,88.25,5.06,12
6.86,88.74,4.4,12
6.85,89.43,3.72,12
7.24,89.82,2.94,12
7.36,90.41,2.23,12
7.35,91.1,1.55,12
7.39,91.69,0.92,12
7.3,92.38,0.32,12
5.06,68.87,26.07,12
4.87,69.76,25.37,12
4.87,70.44,24.69,12
4.86,71.13,24.01,12
4.8,71.92,23.28,12
4.84,72.51,22.65,12
4.88,73.1,22.02,12
4.87,73.79,21.34,12
4.87,74.47,20.66,12
4.91,75.06,20.03,12
4.98,75.75,19.27,12
4.97,76.44,18.59,12
5.01,77.03,17.96,12
5,77.72,17.28,12
5,78.41,16.6,12
5.3,78.8,15.9,12
5.24,79.59,15.17,12
5.23,80.28,14.49,12
5.27,80.87,13.86,12
5.45,81.36,13.19,12
5.49,81.95,12.56,12
5.66,82.44,11.9,12
5.52,83.23,11.25,12
5.59,83.92,10.49,12
5.72,84.51,9.78,12
5.89,85,9.11,12
6.06,85.49,8.45,12
6.31,85.98,7.7,12
5.77,83.23,11,12
5.88,84.02,10.11,12
6,84.61,9.39,12
6.19,85.39,8.42,12
5.6,82.74,11.67,12
5.4,80.28,14.32,12
5.34,81.06,13.59,12
5.15,79.78,15.07,12
9.59,33.99,56.42,12
8.05,0.16,91.79,12
7.91,0.95,91.14,12
7.9,1.64,90.46,12
8.21,2.03,89.76,12
8.28,2.72,89,12
8.32,3.31,88.37,12
8.13,4.19,87.67,12
8.21,4.88,86.91,12
8.33,5.47,86.2,12
8.24,6.16,85.6,12
8.36,6.75,84.88,12
8.36,7.44,84.2,12
8.43,8.13,83.44,12
8.49,9.01,82.5,12
8.52,9.8,81.68,12
8.63,10.59,80.79,12
8.62,11.28,80.11,12
8.69,11.96,79.34,12
8.68,12.65,78.66,12
8.72,13.24,78.03,12
8.8,13.93,77.27,12
8.79,14.62,76.59,12
8.87,15.31,75.83,12
8.99,15.9,75.11,12
9.06,16.59,74.35,12
9.22,17.28,73.5,12
9.03,18.16,72.81,12
9.16,18.75,72.09,12
9.15,19.44,71.41,12
9.22,20.13,70.65,12
9.25,20.91,69.84,12
9.32,21.6,69.07,12
9.23,22.29,68.48,12
9.36,22.88,67.76,12
9.35,23.57,67.08,12
9.47,24.16,66.37,12
9.45,25.04,65.51,12
9.44,25.73,64.83,12
9.7,26.22,64.08,12
9.6,26.91,63.48,12
9.94,27.41,62.65,12
9.85,28.09,62.06,12
9.84,28.78,61.38,12
9.92,29.47,60.61,12
9.81,30.35,59.83,12
9.92,31.14,58.94,12
9.86,31.93,58.21,12
9.73,32.71,57.56,12
9.85,33.3,56.85,12
9.58,34.19,56.23,12
8.46,8.23,83.31,12
8.75,8.82,82.43,12
8.79,9.41,81.8,12
8.74,10.19,81.07,12
8.89,10.88,80.22,12
9.02,11.47,79.51,12
8.91,12.36,78.73,12
8.99,13.05,77.97,12
9.11,13.64,77.25,12
9.15,14.23,76.62,12
9.18,15.01,75.81,12
9.35,15.51,75.15,12
9.16,16.39,74.45,12
9.37,16.98,73.65,12
9.41,17.57,73.02,12
9.4,18.26,72.34,12
9.57,18.75,71.68,12
9.51,19.54,70.95,12
9.46,20.32,70.22,12
9.53,21.01,69.46,12
9.44,21.7,68.86,12
9.65,22.29,68.06,12
9.51,23.08,67.41,12
9.67,23.77,66.57,12
9.87,24.36,65.77,12
9.9,25.14,64.96,12
9.63,26.03,64.35,12
10,26.62,63.38,12
10.02,27.41,62.57,12
8.22,0.16,91.62,12
8.34,0.75,90.91,12
8.2,1.54,90.26,12
8.45,2.03,89.51,12
8.58,2.62,88.8,12
8.52,3.41,88.07,12
8.38,4.2,87.42,12
8.5,4.79,86.71,12
8.53,5.57,85.9,12
8.47,6.36,85.17,12
8.6,6.95,84.45,12
8.8,7.54,83.66,12
8.71,8.23,83.06,12
8.84,8.82,82.35,12
8.96,9.41,81.63,12
8.9,10.2,80.9,12
8.98,10.88,80.14,12
9.05,11.57,79.38,12
9.22,12.06,78.71,12
9.17,12.85,77.98,12
9.34,13.34,77.32,12
9.25,14.03,76.72,12
9.42,14.52,76.06,12
9.41,15.21,75.38,12
9.32,15.9,74.78,12
9.44,16.49,74.07,12
9.44,17.18,73.39,12
9.61,17.67,72.72,12
9.52,18.36,72.13,12
9.69,18.85,71.46,12
9.6,19.54,70.86,12
9.77,20.03,70.2,12
9.55,20.82,69.64,12
9.8,21.31,68.89,12
9.53,22.19,68.28,12
9.74,22.78,67.48,12
9.73,23.47,66.8,12
9.72,24.16,66.12,12
9.63,24.85,65.52,12
9.57,25.63,64.79,12
21.85,34.34,43.8,15
21.96,33.46,44.58,15
21.84,32.87,45.3,15
21.81,32.08,46.11,15
21.51,31.69,46.81,15
21.69,30.8,47.5,15
21.75,30.02,48.23,15
21.63,29.43,48.95,15
21.55,28.74,49.71,15
21.51,28.15,50.34,15
21.47,27.56,50.97,15
21.36,26.77,51.87,15
21.24,26.18,52.58,15
21.25,25.49,53.26,15
20.99,25,54.01,15
20.87,24.41,54.72,15
20.88,23.72,55.4,15
20.49,23.33,56.18,15
20.68,22.44,56.88,15
20.43,21.95,57.62,15
20.48,21.16,58.35,15
20.24,20.47,59.28,15
20.17,19.79,60.05,15
20.09,19.1,60.81,15
19.97,18.51,61.52,15
19.94,17.72,62.34,15
19.87,17.03,63.1,15
19.8,16.34,63.86,15
19.8,15.65,64.54,15
19.65,14.97,65.39,15
19.65,14.28,66.07,15
19.58,13.59,66.83,15
19.67,12.9,67.43,15
19.15,12.6,68.24,15
19.72,11.62,68.66,15
19.96,10.64,69.4,15
20.68,10.35,68.97,15
21.45,9.96,68.59,15
22.23,9.57,68.2,15
23.12,9.28,67.61,15
24.03,8.6,67.37,15
25.01,8.31,66.69,15
25.83,8.31,65.86,15
26.81,8.02,65.18,15
27.68,7.92,64.39,15
28.46,8.03,63.51,15
29.24,8.13,62.63,15
29.97,8.33,61.7,15
30.7,8.53,60.77,15
31.38,8.83,59.79,15
31.81,9.12,59.06,15
32.39,9.13,58.48,15
33.01,9.23,57.77,15
33.52,9.53,56.95,15
33.91,9.92,56.17,15
34.42,10.22,55.36,15
34.81,10.61,54.58,15
35.23,11.11,53.66,15
35.66,11.4,52.93,15
36.05,11.8,52.15,15
36.43,12.19,51.37,15
36.87,12.49,50.64,15
37.34,12.89,49.78,15
37.67,13.38,48.95,15
38.14,13.77,48.09,15
38.26,14.36,47.37,15
38.92,14.37,46.71,15
39.44,14.67,45.89,15
39.99,15.06,44.95,15
40.28,15.65,44.07,15
40.71,15.95,43.34,15
41.24,16.05,42.71,15
41.37,16.64,41.99,15
42.24,16.55,41.21,15
42.37,17.14,40.5,15
42.92,17.53,39.55,15
43.6,17.83,38.57,15
44.28,18.13,37.59,15
44.87,18.62,36.51,15
45.64,18.73,35.63,15
46.23,19.22,34.55,15
46.91,19.52,33.57,15
47.59,19.82,32.59,15
48.37,19.92,31.71,15
49.05,20.22,30.73,15
49.83,20.32,29.85,15
50.51,20.62,28.87,15
51.29,20.72,27.99,15
52.26,20.43,27.31,15
53.09,20.43,26.48,15
53.82,20.63,25.55,15
54.94,20.05,25.01,15
55.86,19.86,24.28,15
56.57,19.76,23.67,15
57.35,19.37,23.28,15
58.1,18.69,23.22,15
58.86,18.49,22.65,15
59.56,17.91,22.53,15
60.25,17.52,22.23,15
61.1,16.64,22.26,15
57.92,18.88,23.2,15
55.19,20.05,24.76,15
56.11,19.86,24.03,15
56.98,19.27,23.75,15
57.85,18.68,23.46,15
58.62,18.3,23.08,15
59.36,17.81,22.83,15
60.13,17.42,22.45,15
60.89,16.73,22.38,15
49.32,20.02,30.66,15
50.05,20.22,29.73,15
50.73,20.52,28.75,15
51.46,20.72,27.82,15
52.33,20.63,27.04,15
53.21,20.53,26.26,15
54.04,20.53,25.43,15
55.01,20.24,24.75,15
54.15,20.63,25.21,15
55.17,20.25,24.58,15
51.79,20.72,27.49,15
52.66,20.63,26.71,15
53.44,20.73,25.83,15
54.56,20.14,25.3,15
63.5,14.29,22.21,15
64.4,13.31,22.29,15
64.72,12.33,22.95,15
65.86,11.35,22.79,15
66.43,10.37,23.2,15
67,9.39,23.61,15
67.81,8.41,23.78,15
68.38,7.43,24.19,15
68.7,6.45,24.85,15
69.35,5.47,25.19,15
70.16,4.49,25.35,15
71.06,3.51,25.43,15
71.54,2.53,25.93,15
72.28,1.55,26.18,15
73.26,0.57,26.17,15
22.19,36.51,41.3,15
21.68,37.39,40.93,15
21.8,37.98,40.22,15
21.74,38.77,39.49,15
21.78,39.36,38.86,15
21.82,39.95,38.23,15
21.93,40.73,37.33,15
21.97,41.32,36.7,15
21.87,42.21,35.92,15
21.99,42.8,35.21,15
21.98,43.49,34.53,15
22.06,44.18,33.77,15
22.08,44.96,32.95,15
21.98,45.85,32.17,15
22.09,46.63,31.28,15
21.98,47.52,30.5,15
22.06,48.21,29.74,15
22.04,49.09,28.87,15
21.93,49.98,28.09,15
21.87,50.76,27.36,15
21.9,51.55,26.55,15
21.8,52.43,25.77,15
21.74,53.22,25.04,15
21.73,53.91,24.36,15
21.64,54.6,23.76,15
21.57,55.58,22.85,15
21.51,56.36,22.12,15
21.37,57.15,21.48,15
21.3,58.13,20.56,15
21.26,58.72,20.02,15
21.65,59.12,19.24,15
21.41,60.1,18.49,15
21.45,60.69,17.86,15
21.3,61.67,17.03,15
20.9,62.65,16.45,15
20.54,63.54,15.92,15
20.53,64.23,15.24,15
20.44,64.91,14.64,15
20.75,65.31,13.95,15
20.36,66.09,13.55,15
20.19,66.78,13.03,15
20.09,67.47,12.44,15
20.05,68.06,11.89,15
20.04,68.75,11.21,15
19.95,69.43,10.61,15
19.99,70.02,9.98,15
20.2,70.61,9.19,15
20.1,71.5,8.41,15
20.09,72.19,7.73,15
20.08,72.87,7.05,15
20.07,73.56,6.37,15
20.11,74.15,5.74,15
20.02,74.84,5.14,15
19.88,75.63,4.49,15
20.04,76.32,3.65,15
20.03,77,2.97,15
19.89,77.79,2.32,15
20,78.58,1.42,15
19.94,79.36,0.69,15
20.4,67.86,11.74,15
20.29,68.75,10.96,15
20.28,69.43,10.28,15
20.1,70.32,9.58,15
20.52,65.6,13.88,15
21.21,58.82,19.97,15
21.38,59.31,19.3,15
20.98,60.29,18.72,15
21.19,60.89,17.93,15
21.13,61.67,17.2,15
20.98,62.65,16.37,15
20.76,63.44,15.8,15
20.88,64.03,15.09,15
20.82,64.82,14.36,15
21.06,60.98,17.96,15
20.92,61.77,17.31,15
20.76,62.75,16.48,15
22,36.9,41.1,15
21.86,37.69,40.45,15
21.98,38.28,39.74,15
22.02,38.87,39.11,15
22.02,39.56,38.43,15
22.17,40.24,37.58,15
22.08,40.93,36.98,15
22.16,41.62,36.22,15
22.2,42.21,35.59,15
22.14,43,34.86,15
22.13,43.68,34.18,15
22.24,44.47,33.29,15
22.19,45.26,32.56,15
22.21,46.04,31.74,15
22.24,46.83,30.93,15
22.31,47.52,30.17,15
22.21,48.4,29.39,15
22.2,49.09,28.71,15
22.19,49.78,28.03,15
22.18,50.47,27.35,15
22.22,51.06,26.72,15
22.09,51.84,26.07,15
22.03,52.63,25.34,15
22.02,53.32,24.66,15
21.93,54.01,24.06,15
21.84,54.69,23.47,15
22.09,55.19,22.72,15
21.71,55.97,22.32,15
21.57,56.76,21.67,15
21.61,57.35,21.04,15
21.39,58.13,20.48,15
21.56,58.63,19.82,15
21.76,54.69,23.55,15
22.18,55.19,22.64,15
21.79,55.97,22.24,15
21.96,56.47,21.57,15
21.9,57.25,20.84,15
21.77,58.04,20.2,15
22.08,36.9,41.02,15
22.08,37.59,40.34,15
22.15,38.28,39.57,15
22.32,38.77,38.91,15
22.23,39.46,38.31,15
22.22,40.15,37.63,15
22.21,40.83,36.95,15
22.29,41.52,36.19,15
22.33,42.11,35.56,15
22.32,42.8,34.88,15
22.31,43.49,34.2,15
22.44,44.08,33.48,15
22.35,44.77,32.89,15
22.42,45.46,32.12,15
22.23,46.34,31.43,15
22.27,46.93,30.8,15
22.35,47.62,30.03,15
22.52,48.11,29.37,15
22.3,48.9,28.81,15
22.34,49.49,28.18,15
22.23,50.37,27.4,15
22.27,50.96,26.77,15
22.31,51.55,26.14,15
22.31,52.24,25.46,15
22.17,53.03,24.81,15
22.08,53.71,24.21,15
22.25,54.21,23.55,15
22.14,52.24,25.62,15
22.09,49.49,28.43,15
97.92,1.68,0.4,15
97.6,1.61,0.8,15
97.22,1.49,1.29,15
95.06,0.72,4.22,15
94.68,0.56,4.76,15
94.27,0.4,5.33,15
93.94,0.31,5.76,15
34.21,36.86,28.93,20
33.81,37.84,28.35,20
33.7,38.73,27.57,20
33.61,39.41,26.98,20
33.55,40.2,26.25,20
33.5,40.99,25.52,20
33.44,41.77,24.79,20
33.45,42.76,23.79,20
33.36,43.44,23.2,20
33.35,44.13,22.52,20
33.38,44.92,21.7,20
33.44,45.8,20.76,20
33.34,46.69,19.98,20
33.28,47.47,19.25,20
33.26,48.36,18.38,20
33.2,49.14,17.66,20
33.24,49.73,17.02,20
33.32,50.42,16.26,20
33.31,51.11,15.58,20
33.15,52.09,14.75,20
33.15,52.78,14.07,20
33.09,53.57,13.34,20
33.08,54.26,12.66,20
33.19,55.04,11.77,20
33.18,55.73,11.09,20
33.11,56.71,10.17,20
33.45,57.21,9.34,20
33.18,58.09,8.73,20
33.04,58.88,8.08,20
33.33,59.47,7.2,20
33.24,60.16,6.61,20
33.1,60.94,5.96,20
33.09,61.63,5.28,20
32.95,62.42,4.63,20
33.07,63.01,3.92,20
33.07,63.69,3.24,20
32.96,64.58,2.46,20
32.9,65.37,1.73,20
32.81,66.05,1.13,20
32.63,66.94,0.44,20
33.33,49.05,17.62,20
33.45,49.64,16.91,20
33.48,50.42,16.1,20
33.39,51.11,15.5,20
33.46,51.8,14.73,20
33.37,52.49,14.14,20
33.32,53.27,13.41,20
33.31,53.96,12.73,20
33.3,54.65,12.05,20
33.42,55.24,11.33,20
33.33,55.93,10.74,20
33.46,56.52,10.02,20
34.28,37.06,28.67,20
33.92,37.94,28.14,20
33.83,38.63,27.54,20
33.87,39.22,26.91,20
33.73,40,26.26,20
33.64,40.69,25.67,20
33.62,41.58,24.8,20
33.65,42.36,23.99,20
33.69,42.95,23.36,20
33.55,43.74,22.71,20
33.57,44.53,21.9,20
33.52,45.31,21.17,20
33.51,46,20.49,20
33.76,46.49,19.74,20
33.58,47.38,19.05,20
33.39,48.26,18.35,20
33.55,48.95,17.51,20
33.52,49.83,16.64,20
33.6,50.52,15.88,20
33.49,51.41,15.1,20
33.53,52,14.47,20
33.53,52.69,13.79,20
33.52,53.37,13.11,20
33.64,53.96,12.4,20
33.58,54.75,11.67,20
33.44,55.54,11.02,20
33.55,56.32,10.12,20
34.31,37.16,28.53,20
34.22,37.84,27.94,20
34,38.63,27.37,20
33.99,39.32,26.69,20
33.88,40.2,25.91,20
33.79,40.89,25.32,20
33.79,41.58,24.64,20
33.73,42.36,23.91,20
33.77,42.95,23.28,20
33.68,43.64,22.68,20
33.72,44.23,22.05,20
33.71,44.92,21.37,20
33.65,45.71,20.64,20
33.91,46.2,19.89,20
33.64,47.08,19.28,20
33.63,47.77,18.6,20
33.44,48.65,17.9,20
40.2,19.68,40.12,20
39.37,19.68,40.95,20
38.67,19.58,41.75,20
38.12,20.36,41.52,20
37.35,20.75,41.9,20
37.2,21.73,41.07,20
36.79,22.71,40.49,20
36.56,23.7,39.74,20
36.32,24.68,39,20
36,25.66,38.34,20
35.85,26.64,37.51,20
35.61,27.62,36.76,20
35.3,28.61,36.1,20
35.42,29.2,35.38,20
35.02,30.18,34.8,20
34.75,31.06,34.19,20
34.79,31.65,33.56,20
34.77,32.54,32.7,20
34.81,33.13,32.07,20
34.54,34.01,31.45,20
35.81,26.05,38.14,20
35.66,27.04,37.31,20
35.34,28.02,36.64,20
34.85,29,36.15,20
34.83,29.88,35.29,20
34.76,30.87,34.37,20
36.17,24.48,39.35,20
35.77,25.46,38.77,20
35.62,26.45,37.94,20
35.22,27.43,37.36,20
34.98,28.41,36.61,20
35.21,29.29,35.5,20
34.9,30.08,35.02,20
35.01,30.87,34.12,20
35.65,25.36,38.98,20
35.89,24.38,39.73,20
36.29,23.4,40.31,20
36.43,22.61,40.96,20
37.16,21.63,41.2,20
37.48,20.65,41.87,20
38.1,20.07,41.83,20
38.79,19.68,41.53,20
39.6,19.39,41.02,20
40.38,19.49,40.14,20
41.01,19.88,39.11,20
41.74,20.08,38.18,20
42.42,20.38,37.2,20
43.1,20.68,36.22,20
43.79,20.98,35.24,20
44.42,21.37,34.21,20
45.15,21.57,33.28,20
45.78,21.97,32.25,20
46.61,21.97,31.42,20
47.24,22.37,30.39,20
47.97,22.57,29.46,20
48.66,22.87,28.48,20
49.29,23.27,27.45,20
49.87,23.76,26.37,20
50.65,23.86,25.49,20
50.96,24.26,24.79,20
51.57,24.36,24.07,20
52.25,24.66,23.09,20
52.85,24.95,22.2,20
53.48,25.35,21.17,20
54.17,25.65,20.19,20
44.32,21.08,34.6,20
44.95,21.48,33.57,20
45.68,21.68,32.64,20
46.41,21.88,31.71,20
46.95,22.47,30.59,20
47.82,22.37,29.8,20
45.4,21.58,33.03,20
46.18,21.68,32.15,20
46.71,22.27,31.02,20
45.21,21.28,33.51,20
39.67,19.58,40.75,20
40.54,19.49,39.97,20
41.32,19.59,39.09,20
41.95,19.99,38.06,20
42.64,20.28,37.08,20
43.27,20.68,36.05,20
44.1,20.68,35.22,20
44.78,20.98,34.24,20
39.55,19.48,40.97,20
40.43,19.39,40.19,20
41.11,19.69,39.21,20
41.84,19.89,38.27,20
42.52,20.19,37.29,20
43.25,20.39,36.36,20
43.98,20.59,35.43,20
57.8,26.38,15.82,20
58.57,26.2,15.23,20
57.33,26.45,16.22,20
58.31,26.16,15.53,20
59.33,25.77,14.9,20
60.07,25.77,14.15,20
60.84,25.38,13.77,20
61.62,24.99,13.39,20
62.39,24.61,13.01,20
63.13,24.12,12.76,20
63.81,23.24,12.95,20
64.48,22.55,12.97,20
65.1,21.96,12.93,20
65.77,21.28,12.95,20
66.48,20.69,12.83,20
67.11,19.91,12.98,20
67.77,19.42,12.81,20
68.44,18.73,12.83,20
69.17,17.76,13.08,20
63.85,23.33,12.82,20
64.52,22.65,12.84,20
65.19,21.96,12.85,20
65.89,21.38,12.73,20
66.68,20.79,12.53,20
67.35,20.11,12.55,20
68.06,19.32,12.61,20
63.93,23.33,12.74,20
64.58,22.85,12.57,20
57.11,26.56,16.34,20
56.62,26.46,16.91,20
55.99,26.37,17.64,20
55.09,26.19,18.72,20
54.68,26.09,19.22,20
70.83,15.4,13.77,20
71.81,14.42,13.77,20
72.29,13.44,14.26,20
72.86,12.46,14.68,20
73.18,11.48,15.34,20
73.58,10.5,15.92,20
74.23,9.52,16.25,20
74.55,8.54,16.91,20
75.53,7.56,16.91,20
75.85,6.58,17.58,20
76.58,5.6,17.82,20
77.31,4.62,18.07,20
78.39,3.94,17.67,20
79.16,3.05,17.79,20
79.88,2.27,17.85,20
80.55,1.59,17.87,20
81.13,0.9,17.96,20
71.68,14.52,13.8,20
72.33,13.54,14.13,20
72.73,12.56,14.71,20
73.21,11.58,15.21,20
73.94,10.6,15.46,20
74.1,9.62,16.28,20
74.75,8.64,16.62,20
75.31,7.66,17.03,20
76.29,6.68,17.03,20
76.94,5.7,17.36,20
77.38,4.82,17.8,20
78.03,3.84,18.14,20
78.62,3.15,18.23,20
79.38,2.27,18.35,20
80.05,1.58,18.36,20
80.74,1.19,18.06,20
81.62,0.41,17.96,20
78.01,4.03,17.95,20
78.75,3.05,18.2,20
79.42,2.37,18.22,20
80.17,1.68,18.15,20
80.99,1.2,17.81,20
96.67,2.9,0.42,20
96.09,2.9,1.01,20
95.26,2.97,1.78,20
94.52,2.89,2.59,20
94.01,2.8,3.18,20
93.46,2.8,3.74,20
92.94,2.66,4.39,20
92.48,2.73,4.8,20
89.39,1.93,8.69,20
88.96,1.79,9.25,20
88.62,1.63,9.75,20
88.22,1.49,10.29,20
87.73,1.36,10.91,20
87.45,1.2,11.35,20
87.22,1.06,11.72,20
86.51,0.92,12.57,20
86.14,0.56,13.3,20
85.55,0.4,14.04,20
45.52,45.86,8.62,30
45.46,46.65,7.89,30
45.65,47.43,6.92,30
45.9,47.93,6.17,30
45.77,48.71,5.52,30
46.19,49.21,4.61,30
46.21,49.99,3.8,30
46.19,50.88,2.93,30
46.23,51.47,2.3,30
46.26,52.25,1.49,30
45.99,53.14,0.88,30
45.54,47.83,6.63,30
46.06,48.12,5.82,30
46.05,48.81,5.14,30
45.1,36.12,18.78,30
45.04,36.91,18.05,30
45.03,37.6,17.37,30
45.03,38.29,16.69,30
45.15,38.88,15.97,30
45.09,39.66,15.24,30
45.21,40.25,14.53,30
45.26,40.84,13.9,30
45.25,41.53,13.22,30
45.37,42.12,12.51,30
45.36,42.81,11.83,30
45.57,43.4,11.03,30
45.61,43.99,10.4,30
45.68,44.68,9.64,30
45.67,45.37,8.96,30
45.65,46.25,8.09,30
46.07,46.75,7.18,30
45.93,47.53,6.53,30
46.17,48.22,5.6,30
45.22,36.72,18.06,30
45.21,37.4,17.38,30
45.16,38.19,16.65,30
45.2,38.78,16.02,30
45.37,39.27,15.36,30
45.28,39.96,14.76,30
45.48,40.55,13.97,30
45.48,41.24,13.29,30
45.6,41.83,12.57,30
45.64,42.42,11.94,30
45.66,43.21,11.13,30
45.66,43.89,10.45,30
45.73,44.58,9.69,30
45.99,45.08,8.94,30
45.8,45.96,8.24,30
46.05,46.45,7.5,30
45.19,36.62,18.2,30
45.39,37.21,17.4,30
45.37,38.09,16.54,30
45.49,38.68,15.82,30
45.4,39.37,15.23,30
45.57,39.86,14.56,30
47.29,24.63,28.08,30
46.47,25.12,28.41,30
46.31,26.1,27.58,30
45.91,27.08,27,30
45.18,28.06,26.76,30
44.94,29.05,26.01,30
44.84,29.93,25.23,30
44.73,30.81,24.45,30
44.55,31.7,23.76,30
44.44,32.58,22.98,30
44.55,33.37,22.08,30
44.87,34.06,21.07,30
44.98,33.17,21.85,30
44.99,32.49,22.53,30
45.14,31.5,23.36,30
45.23,30.82,23.95,30
44.85,30.42,24.73,30
45.36,29.54,25.1,30
45.24,28.95,25.81,30
45.46,28.16,26.37,30
45.62,27.18,27.2,30
46.18,26.2,27.62,30
46.75,25.22,28.03,30
47.12,24.63,28.25,30
47.74,24.04,28.21,30
48.44,24.15,27.41,30
49.12,24.44,26.43,30
49.8,24.74,25.45,30
50.29,24.94,24.77,30
50.97,25.24,23.79,30
51.55,25.73,22.71,30
52.3,25.74,21.97,30
53.08,25.84,21.09,30
53.76,26.14,20.11,30
54.54,26.24,19.22,30
55.12,26.73,18.15,30
55.85,26.93,17.21,30
56.68,26.94,16.38,30
57.6,26.75,15.65,30
58.43,26.75,14.82,30
59.16,26.95,13.89,30
60.13,26.66,13.21,30
60.96,26.66,12.38,30
61.79,26.67,11.55,30
62.71,26.47,10.82,30
63.59,26.38,10.03,30
64.56,26.09,9.35,30
65.43,26,8.57,30
66.41,25.71,7.89,30
67.38,25.42,7.21,30
68.3,25.22,6.48,30
69.06,25.03,5.91,30
69.87,24.74,5.39,30
70.59,24.45,4.96,30
71.33,23.96,4.71,30
72.18,23.57,4.25,30
72.97,22.98,4.04,30
73.76,22.4,3.84,30
74.54,21.81,3.64,30
75.17,21.22,3.61,30
75.89,20.93,3.18,30
76.64,20.25,3.11,30
77.37,19.96,2.68,30
67.71,25.42,6.87,30
68.63,25.22,6.14,30
69.41,24.83,5.76,30
70.18,24.45,5.38,30
70.92,23.96,5.13,30
71.64,23.67,4.69,30
72.38,23.18,4.44,30
73.17,22.59,4.24,30
74.15,22.1,3.74,30
72.59,23.08,4.33,30
69.07,24.83,6.09,30
69.93,24.44,5.63,30
70.96,23.86,5.18,30
71.77,23.57,4.66,30
44.76,33.84,21.4,30
81.61,16.24,2.15,30
82.32,15.46,2.22,30
83.03,14.87,2.1,30
83.7,14.19,2.12,30
84.4,13.6,2,30
85.19,13.01,1.8,30
86.04,12.62,1.33,30
86.75,12.04,1.22,30
87.5,11.35,1.15,30
88.13,10.57,1.3,30
88.92,9.98,1.1,30
80.78,16.92,2.31,30
89.89,9.82,0.3,30
50.92,35.76,13.33,40
50.94,36.55,12.51,40
51.15,37.14,11.72,40
51.22,37.82,10.95,40
51.51,38.42,10.07,40
51.42,39.1,9.48,40
51.46,39.69,8.85,40
51.71,40.19,8.1,40
52.05,40.68,7.27,40
52.09,41.27,6.64,40
52.17,41.96,5.88,40
52.24,42.65,5.11,40
52.23,43.34,4.43,40
52.44,43.93,3.64,40
52.38,44.71,2.91,40
52.46,45.4,2.14,40
52.45,46.09,1.46,40
52.26,46.97,0.77,40
51.6,40.58,7.82,40
51.35,38.42,10.24,40
51.21,39.2,9.59,40
51.28,39.89,8.83,40
51.45,40.38,8.17,40
51.4,41.17,7.44,40
51.85,41.76,6.39,40
51.84,42.45,5.71,40
52.1,42.94,4.96,40
52.14,43.53,4.33,40
52.26,44.12,3.62,40
52.3,44.71,2.99,40
52.21,45.4,2.39,40
52.33,45.99,1.68,40
52.11,46.78,1.11,40
54.12,27.42,18.46,40
53.05,27.9,19.04,40
52.22,27.9,19.88,40
51.58,27.7,20.72,40
50.89,28.09,21.02,40
50.82,29.07,20.11,40
50.25,30.05,19.7,40
50.5,30.55,18.95,40
50.58,31.23,18.19,40
50.57,31.92,17.51,40
50.61,32.51,16.88,40
50.65,33.1,16.25,40
50.1,29.86,20.05,40
50.83,28.88,20.29,40
51.02,27.99,20.99,40
51.84,27.5,20.66,40
52.67,27.51,19.83,40
53.35,27.81,18.85,40
54.22,27.71,18.06,40
54.91,28.01,17.08,40
55.93,27.62,16.45,40
56.61,27.92,15.47,40
57.63,27.53,14.84,40
58.31,27.83,13.86,40
59.23,27.64,13.13,40
59.92,27.94,12.15,40
60.89,27.65,11.47,40
61.67,27.75,10.59,40
62.59,27.56,9.85,40
63.51,27.36,9.12,40
64.44,27.17,8.39,40
65.36,26.98,7.66,40
66.29,26.79,6.93,40
67.16,26.69,6.15,40
50.55,33.3,16.15,40
50.65,32.61,16.74,40
50.6,32.02,17.37,40
50.48,31.43,18.09,40
50.54,30.64,18.82,40
50.28,30.15,19.56,40
50.39,29.27,20.34,40
50.79,28.29,20.92,40
51.53,27.8,20.67,40
52.37,27.61,20.02,40
53.15,27.71,19.14,40
54.07,27.52,18.41,40
54.75,27.81,17.43,40
55.63,27.72,16.65,40
56.51,27.63,15.87,40
57.38,27.53,15.09,40
58.01,27.93,14.06,40
58.79,28.03,13.18,40
59.67,27.93,12.4,40
60.64,27.64,11.72,40
61.47,27.65,10.88,40
62.34,27.55,10.1,40
63.32,27.26,9.42,40
64.19,27.17,8.64,40
65.07,27.08,7.86,40
65.89,27.08,7.03,40
66.87,26.79,6.35,40
67.96,26.83,5.21,40
68.66,26.83,4.5,40
69.42,26.73,3.86,40
70.27,26.62,3.12,40
70.96,26.62,2.41,40
71.64,26.4,1.96,40
72.23,26.29,1.48,40
72.72,26.25,1.03,40
73.4,26.18,0.42,40
56.01,35.68,8.31,50
55.95,36.47,7.58,50
55.99,37.06,6.95,50
55.98,37.75,6.27,50
55.98,38.44,5.59,50
56.05,39.13,4.82,50
56.04,39.81,4.14,50
56.07,40.6,3.33,50
56.32,41.09,2.58,50
56.45,41.68,1.87,50
56.47,42.47,1.06,50
56.38,43.16,0.46,50
56.11,35.98,7.91,50
56.28,36.47,7.24,50
56.06,37.26,6.68,50
56.1,37.85,6.05,50
56.31,38.44,5.25,50
56.17,39.22,4.61,50
56.08,39.91,4.01,50
56.38,40.31,3.31,50
55.8,31.75,12.45,50
56.53,30.77,12.7,50
56.85,29.79,13.36,50
57.54,29.4,13.06,50
58.36,28.91,12.73,50
59.18,28.92,11.9,50
60.06,28.82,11.12,50
60.98,28.63,10.39,50
61.86,28.54,9.61,50
62.88,28.15,8.97,50
63.8,27.95,8.24,50
63.39,27.95,8.66,50
62.42,28.24,9.34,50
61.4,28.63,9.97,50
60.47,28.82,10.7,50
59.6,28.92,11.48,50
58.77,28.91,12.32,50
57.98,29.01,13.01,50
57.23,29.69,13.08,50
56.77,30.28,12.95,50
56.45,31.26,12.29,50
55.98,32.05,11.97,50
56.1,32.64,11.26,50
56.05,33.42,10.53,50
64.54,27.96,7.5,50
65.2,27.9,6.9,50
66.15,27.7,6.15,50
67.13,27.59,5.28,50
67.95,27.44,4.62,50
68.63,27.4,3.97,50
69.19,27.33,3.48,50
69.94,27.27,2.79,50
71.67,27.03,1.3,50
72.35,26.92,0.73,50
72.89,26.83,0.28,50
70.87,27.11,2.01,50
59.97,36.39,3.64,60
60.26,36.98,2.76,60
60.2,37.77,2.03,60
60.11,38.46,1.43,60
60.1,39.14,0.75,60
60.38,33.05,6.57,60
60.53,32.07,7.4,60
60.85,31.09,8.07,60
61.33,30.11,8.56,60
62.08,29.42,8.49,60
62.79,28.83,8.38,60
63.86,28.35,7.79,60
64.68,28.35,6.96,60
65.61,28.16,6.23,60
66.7,27.86,5.44,60
67.22,27.79,4.98,60
68.02,27.75,4.23,60
68.87,27.6,3.53,60
69.57,27.49,2.94,60
70.65,27.34,2.01,60
71.57,27.23,1.2,60
72.48,27.17,0.36,60
71.88,27.21,0.91,70
70.91,27.5,1.59,70
69.99,27.69,2.33,70
69.06,27.88,3.06,70
68.09,28.17,3.74,70
67.12,28.46,4.42,70
66.32,28.56,5.12,70
65.44,28.85,5.72,70
64.81,29.43,5.75,70
64.26,30.22,5.52,70
63.94,31.2,4.86,70
63.21,32.18,4.61,70
62.67,35.13,2.21,70
62.71,35.72,1.58,70
62.96,36.21,0.83,70
62.82,36.99,0.18,70
72.51,27.21,0.28,70
65.58,34.19,0.23,80
65.52,33.81,0.67,80
67.53,29.64,2.83,80
66.53,30.33,3.14,80
69.83,28.67,1.5,80
68.96,28.77,2.28,80
70.94,28.28,0.78,80
68.36,28.96,2.68,80
66.01,31.21,2.78,80
66.16,30.92,2.93,80
66.3,30.62,3.08,80
